line_number,timestamp,seq,cwnd,ip,port,rtt,ssthresh,phase,ca_state
1,131121.095635,1,10,192.168.88.253,43544,574,,slow_start,
2,131121.098236,100,9,192.168.88.253,43544,223,,slow_start,
3,131121.100805,200,9,192.168.88.253,43544,223,,slow_start,
4,131121.103246,300,9,192.168.88.253,43544,181,,slow_start,
5,131121.105669,400,9,192.168.88.253,43544,210,,slow_start,
6,131121.108162,500,9,192.168.88.253,43544,215,,slow_start,
7,131121.110612,600,9,192.168.88.253,43544,185,,slow_start,
8,131121.114165,700,9,192.168.88.253,43544,213,,slow_start,
9,131121.119678,800,9,192.168.88.253,43544,164,,slow_start,
10,131121.125263,900,9,192.168.88.253,43544,166,,slow_start,
11,131121.130439,1000,9,192.168.88.253,43544,201,,slow_start,
12,131121.135560,1100,9,192.168.88.253,43544,175,,slow_start,
13,131121.140840,1200,9,192.168.88.253,43544,218,,slow_start,
14,131121.146170,1300,9,192.168.88.253,43544,170,,slow_start,
15,131121.150752,1400,9,192.168.88.253,43544,174,,slow_start,
16,131121.154829,1500,9,192.168.88.253,43544,207,,slow_start,
17,131121.158958,1600,9,192.168.88.253,43544,233,,slow_start,
18,131121.163465,1700,9,192.168.88.253,43544,220,,slow_start,
19,131121.167559,1800,9,192.168.88.253,43544,257,,slow_start,
20,131121.171631,1900,9,192.168.88.253,43544,168,,slow_start,
21,131121.176774,2000,9,192.168.88.253,43544,201,,slow_start,
22,131121.181190,2100,9,192.168.88.253,43544,242,,slow_start,
23,131121.185297,2200,9,192.168.88.253,43544,199,,slow_start,
24,131121.189489,2300,9,192.168.88.253,43544,216,,slow_start,
25,131121.193884,2400,9,192.168.88.253,43544,160,,slow_start,
26,131121.198286,2500,9,192.168.88.253,43544,217,,slow_start,
27,131121.202909,2600,9,192.168.88.253,43544,172,,slow_start,
28,131121.207114,2700,9,192.168.88.253,43544,182,,slow_start,
29,131121.212885,2800,9,192.168.88.253,43544,176,,slow_start,
30,131121.218798,2900,9,192.168.88.253,43544,192,,slow_start,
31,131121.224487,3000,9,192.168.88.253,43544,187,,slow_start,
32,131121.229770,3100,9,192.168.88.253,43544,189,,slow_start,
33,131121.235124,3200,9,192.168.88.253,43544,214,,slow_start,
34,131121.240382,3300,9,192.168.88.253,43544,202,,slow_start,
35,131121.245758,3400,9,192.168.88.253,43544,202,,slow_start,
36,131121.251260,3500,9,192.168.88.253,43544,153,,slow_start,
37,131121.256565,3600,9,192.168.88.253,43544,203,,slow_start,
38,131121.262332,3700,9,192.168.88.253,43544,179,,slow_start,
39,131121.267799,3800,9,192.168.88.253,43544,184,,slow_start,
40,131121.273224,3900,9,192.168.88.253,43544,217,,slow_start,
41,131121.278480,4000,9,192.168.88.253,43544,192,,slow_start,
42,131121.284103,4100,9,192.168.88.253,43544,173,,slow_start,
43,131121.289502,4200,9,192.168.88.253,43544,212,,slow_start,
44,131121.295291,4300,9,192.168.88.253,43544,221,,slow_start,
45,131121.300717,4400,9,192.168.88.253,43544,197,,slow_start,
46,131121.306036,4500,9,192.168.88.253,43544,201,,slow_start,
47,131121.311327,4600,9,192.168.88.253,43544,187,,slow_start,
48,131121.316732,4700,9,192.168.88.253,43544,199,,slow_start,
49,131121.321938,4800,9,192.168.88.253,43544,215,,slow_start,
50,131121.327195,4900,9,192.168.88.253,43544,226,,slow_start,
51,131121.332711,5000,9,192.168.88.253,43544,231,,slow_start,
52,131121.338043,5100,9,192.168.88.253,43544,182,,slow_start,
53,131121.343162,5200,9,192.168.88.253,43544,154,,slow_start,
54,131121.348463,5300,9,192.168.88.253,43544,172,,slow_start,
55,131121.353647,5400,9,192.168.88.253,43544,190,,slow_start,
56,131121.359136,5500,9,192.168.88.253,43544,202,,slow_start,
57,131121.364575,5600,9,192.168.88.253,43544,215,,slow_start,
58,131121.369796,5700,9,192.168.88.253,43544,210,,slow_start,
59,131121.375485,5800,9,192.168.88.253,43544,168,,slow_start,
60,131121.380973,5900,9,192.168.88.253,43544,151,,slow_start,
61,131121.386517,6000,9,192.168.88.253,43544,167,,slow_start,
62,131121.392531,6100,9,192.168.88.253,43544,211,,slow_start,
63,131121.398274,6200,9,192.168.88.253,43544,211,,slow_start,
64,131121.403482,6300,9,192.168.88.253,43544,224,,slow_start,
65,131121.408640,6400,9,192.168.88.253,43544,170,,slow_start,
66,131121.414985,6500,9,192.168.88.253,43544,201,,slow_start,
67,131121.420297,6600,9,192.168.88.253,43544,221,,slow_start,
68,131121.426362,6700,9,192.168.88.253,43544,229,,slow_start,
69,131121.431704,6800,9,192.168.88.253,43544,203,,slow_start,
70,131121.437223,6900,9,192.168.88.253,43544,175,,slow_start,
71,131121.442846,7000,9,192.168.88.253,43544,172,,slow_start,
72,131121.448555,7100,9,192.168.88.253,43544,197,,slow_start,
73,131121.453935,7200,9,192.168.88.253,43544,193,,slow_start,
74,131121.465139,7400,9,192.168.88.253,43544,172,,slow_start,
75,131121.470976,7500,9,192.168.88.253,43544,146,,slow_start,
76,131121.476904,7600,9,192.168.88.253,43544,163,,slow_start,
77,131121.482616,7700,9,192.168.88.253,43544,177,,slow_start,
78,131121.488357,7800,9,192.168.88.253,43544,171,,slow_start,
79,131121.494052,7900,9,192.168.88.253,43544,155,,slow_start,
80,131121.499944,8000,9,192.168.88.253,43544,171,,slow_start,
81,131121.506272,8100,9,192.168.88.253,43544,163,,slow_start,
82,131121.511980,8200,9,192.168.88.253,43544,208,,slow_start,
83,131121.517600,8300,9,192.168.88.253,43544,208,,slow_start,
84,131121.522793,8400,9,192.168.88.253,43544,174,,slow_start,
85,131121.528198,8500,9,192.168.88.253,43544,155,,slow_start,
86,131121.533700,8600,9,192.168.88.253,43544,180,,slow_start,
87,131121.539069,8700,9,192.168.88.253,43544,167,,slow_start,
88,131121.544255,8800,9,192.168.88.253,43544,160,,slow_start,
89,131121.549996,8900,9,192.168.88.253,43544,163,,slow_start,
90,131121.555959,9000,9,192.168.88.253,43544,273,,slow_start,
91,131121.561248,9100,9,192.168.88.253,43544,177,,slow_start,
92,131121.566563,9200,9,192.168.88.253,43544,169,,slow_start,
93,131121.572106,9300,9,192.168.88.253,43544,190,,slow_start,
94,131121.577600,9400,9,192.168.88.253,43544,219,,slow_start,
95,131121.582927,9500,9,192.168.88.253,43544,145,,slow_start,
96,131121.588464,9600,9,192.168.88.253,43544,179,,slow_start,
97,131121.594218,9700,9,192.168.88.253,43544,209,,slow_start,
98,131121.600045,9800,9,192.168.88.253,43544,206,,slow_start,
99,131121.605796,9900,9,192.168.88.253,43544,199,,slow_start,
100,131121.610955,10000,9,192.168.88.253,43544,171,,slow_start,
101,131121.616191,10100,9,192.168.88.253,43544,205,,slow_start,
102,131121.621572,10200,9,192.168.88.253,43544,188,,slow_start,
103,131121.627359,10300,9,192.168.88.253,43544,254,,slow_start,
104,131121.632629,10400,9,192.168.88.253,43544,195,,slow_start,
105,131121.637954,10500,9,192.168.88.253,43544,206,,slow_start,
106,131121.643361,10600,9,192.168.88.253,43544,213,,slow_start,
107,131121.648736,10700,9,192.168.88.253,43544,212,,slow_start,
108,131121.653773,10800,9,192.168.88.253,43544,194,,slow_start,
109,131121.659207,10900,9,192.168.88.253,43544,203,,slow_start,
110,131121.664533,11000,9,192.168.88.253,43544,168,,slow_start,
111,131121.670925,11100,9,192.168.88.253,43544,216,,slow_start,
112,131121.676712,11200,9,192.168.88.253,43544,150,,slow_start,
113,131121.682001,11300,9,192.168.88.253,43544,166,,slow_start,
114,131121.687129,11400,9,192.168.88.253,43544,215,,slow_start,
115,131121.692765,11500,9,192.168.88.253,43544,207,,slow_start,
116,131121.698416,11600,9,192.168.88.253,43544,162,,slow_start,
117,131121.704020,11700,9,192.168.88.253,43544,194,,slow_start,
118,131121.709565,11800,9,192.168.88.253,43544,207,,slow_start,
119,131121.714722,11900,9,192.168.88.253,43544,166,,slow_start,
120,131121.720155,12000,9,192.168.88.253,43544,223,,slow_start,
121,131121.725620,12100,9,192.168.88.253,43544,161,,slow_start,
122,131121.730785,12200,9,192.168.88.253,43544,174,,slow_start,
123,131121.736204,12300,9,192.168.88.253,43544,168,,slow_start,
124,131121.741367,12400,9,192.168.88.253,43544,159,,slow_start,
125,131121.746475,12500,9,192.168.88.253,43544,207,,slow_start,
126,131121.751731,12600,9,192.168.88.253,43544,167,,slow_start,
127,131121.757186,12700,9,192.168.88.253,43544,178,,slow_start,
128,131121.762509,12800,9,192.168.88.253,43544,213,,slow_start,
129,131121.768161,12900,9,192.168.88.253,43544,174,,slow_start,
130,131121.773365,13000,9,192.168.88.253,43544,166,,slow_start,
131,131121.778525,13100,9,192.168.88.253,43544,171,,slow_start,
132,131121.783881,13200,9,192.168.88.253,43544,171,,slow_start,
133,131121.789243,13300,9,192.168.88.253,43544,212,,slow_start,
134,131121.794681,13400,9,192.168.88.253,43544,196,,slow_start,
135,131121.800102,13500,9,192.168.88.253,43544,210,,slow_start,
136,131121.805542,13600,9,192.168.88.253,43544,145,,slow_start,
137,131121.811038,13700,9,192.168.88.253,43544,173,,slow_start,
138,131121.816356,13800,9,192.168.88.253,43544,198,,slow_start,
139,131121.821940,13900,9,192.168.88.253,43544,235,,slow_start,
140,131121.827374,14000,9,192.168.88.253,43544,177,,slow_start,
141,131121.833076,14100,9,192.168.88.253,43544,185,,slow_start,
142,131121.838187,14200,9,192.168.88.253,43544,161,,slow_start,
143,131121.843525,14300,9,192.168.88.253,43544,185,,slow_start,
144,131121.848670,14400,9,192.168.88.253,43544,242,,slow_start,
145,131121.853955,14500,9,192.168.88.253,43544,187,,slow_start,
146,131121.859240,14600,9,192.168.88.253,43544,212,,slow_start,
147,131121.864855,14700,9,192.168.88.253,43544,244,,slow_start,
148,131121.870213,14800,9,192.168.88.253,43544,171,,slow_start,
149,131121.875904,14900,9,192.168.88.253,43544,164,,slow_start,
150,131121.881065,15000,9,192.168.88.253,43544,190,,slow_start,
151,131121.886096,15100,9,192.168.88.253,43544,209,,slow_start,
152,131121.891472,15200,9,192.168.88.253,43544,151,,slow_start,
153,131121.896883,15300,9,192.168.88.253,43544,141,,slow_start,
154,131121.902211,15400,9,192.168.88.253,43544,187,,slow_start,
155,131121.907828,15500,9,192.168.88.253,43544,202,,slow_start,
156,131121.913328,15600,9,192.168.88.253,43544,222,,slow_start,
157,131121.918488,15700,9,192.168.88.253,43544,189,,slow_start,
158,131121.923730,15800,9,192.168.88.253,43544,195,,slow_start,
159,131121.928757,15900,9,192.168.88.253,43544,196,,slow_start,
160,131121.934059,16000,9,192.168.88.253,43544,209,,slow_start,
161,131121.939364,16100,9,192.168.88.253,43544,217,,slow_start,
162,131121.944495,16200,9,192.168.88.253,43544,189,,slow_start,
163,131121.949957,16300,9,192.168.88.253,43544,162,,slow_start,
164,131121.955169,16400,9,192.168.88.253,43544,196,,slow_start,
165,131121.960685,16500,9,192.168.88.253,43544,154,,slow_start,
166,131121.966260,16600,9,192.168.88.253,43544,170,,slow_start,
167,131121.977349,16800,9,192.168.88.253,43544,162,,slow_start,
168,131121.981459,16900,9,192.168.88.253,43544,218,,slow_start,
169,131121.986089,17000,9,192.168.88.253,43544,203,,slow_start,
170,131121.990209,17100,9,192.168.88.253,43544,172,,slow_start,
171,131121.994719,17200,9,192.168.88.253,43544,251,,slow_start,
172,131121.998972,17300,9,192.168.88.253,43544,210,,slow_start,
173,131122.003275,17400,9,192.168.88.253,43544,209,,slow_start,
174,131122.007344,17500,9,192.168.88.253,43544,234,,slow_start,
175,131122.011484,17600,9,192.168.88.253,43544,227,,slow_start,
176,131122.016054,17700,9,192.168.88.253,43544,200,,slow_start,
177,131122.020284,17800,9,192.168.88.253,43544,192,,slow_start,
178,131122.024629,17900,9,192.168.88.253,43544,205,,slow_start,
179,131122.028883,18000,9,192.168.88.253,43544,211,,slow_start,
180,131122.033542,18100,9,192.168.88.253,43544,203,,slow_start,
181,131122.038282,18200,9,192.168.88.253,43544,191,,slow_start,
182,131122.042543,18300,9,192.168.88.253,43544,190,,slow_start,
183,131122.046600,18400,9,192.168.88.253,43544,173,,slow_start,
184,131122.050775,18500,9,192.168.88.253,43544,219,,slow_start,
185,131122.061906,18600,9,192.168.88.253,43544,105,,slow_start,
186,131122.065671,18700,9,192.168.88.253,43544,186,,slow_start,
187,131122.070066,18800,9,192.168.88.253,43544,202,,slow_start,
188,131122.074207,18900,9,192.168.88.253,43544,212,,slow_start,
189,131122.079586,19000,9,192.168.88.253,43544,118,,slow_start,
190,131122.083635,19100,9,192.168.88.253,43544,168,,slow_start,
191,131122.087768,19200,9,192.168.88.253,43544,210,,slow_start,
192,131122.092290,19300,9,192.168.88.253,43544,218,,slow_start,
193,131122.096595,19400,9,192.168.88.253,43544,168,,slow_start,
194,131122.100754,19500,9,192.168.88.253,43544,200,,slow_start,
195,131122.104975,19600,9,192.168.88.253,43544,208,,slow_start,
196,131122.105256,19607,9,192.168.88.253,43544,208,,loss_recovery,
197,131122.105384,19611,4,192.168.88.253,43544,235,,congestion_avoidance,
198,131122.109737,19700,9,192.168.88.253,43544,141,,congestion_avoidance,
199,131122.113748,19800,9,192.168.88.253,43544,193,,congestion_avoidance,
200,131122.117910,19900,9,192.168.88.253,43544,166,,congestion_avoidance,
201,131122.122076,20000,9,192.168.88.253,43544,206,,congestion_avoidance,
202,131122.126118,20100,9,192.168.88.253,43544,185,,congestion_avoidance,
203,131122.130608,20200,9,192.168.88.253,43544,170,,congestion_avoidance,
204,131122.134772,20300,9,192.168.88.253,43544,201,,congestion_avoidance,
205,131122.139689,20400,9,192.168.88.253,43544,171,,congestion_avoidance,
206,131122.144069,20500,9,192.168.88.253,43544,189,,congestion_avoidance,
207,131122.148518,20600,9,192.168.88.253,43544,207,,congestion_avoidance,
208,131122.152955,20700,9,192.168.88.253,43544,179,,congestion_avoidance,
209,131122.157406,20800,9,192.168.88.253,43544,178,,congestion_avoidance,
210,131122.161536,20900,9,192.168.88.253,43544,214,,congestion_avoidance,
211,131122.166133,21000,9,192.168.88.253,43544,223,,congestion_avoidance,
212,131122.170245,21100,9,192.168.88.253,43544,198,,congestion_avoidance,
213,131122.174379,21200,9,192.168.88.253,43544,170,,congestion_avoidance,
214,131122.178446,21300,9,192.168.88.253,43544,168,,congestion_avoidance,
215,131122.182883,21400,9,192.168.88.253,43544,194,,congestion_avoidance,
216,131122.186945,21500,9,192.168.88.253,43544,187,,congestion_avoidance,
217,131122.191429,21600,9,192.168.88.253,43544,192,,congestion_avoidance,
218,131122.195620,21700,9,192.168.88.253,43544,214,,congestion_avoidance,
219,131122.199982,21800,9,192.168.88.253,43544,167,,congestion_avoidance,
220,131122.204390,21900,9,192.168.88.253,43544,170,,congestion_avoidance,
221,131122.208867,22000,9,192.168.88.253,43544,212,,congestion_avoidance,
222,131122.212949,22100,9,192.168.88.253,43544,193,,congestion_avoidance,
223,131122.217359,22200,9,192.168.88.253,43544,201,,congestion_avoidance,
224,131122.221783,22300,9,192.168.88.253,43544,169,,congestion_avoidance,
225,131122.226212,22400,9,192.168.88.253,43544,190,,congestion_avoidance,
226,131122.230647,22500,9,192.168.88.253,43544,188,,congestion_avoidance,
227,131122.234707,22600,9,192.168.88.253,43544,195,,congestion_avoidance,
228,131122.238844,22700,9,192.168.88.253,43544,231,,congestion_avoidance,
229,131122.242980,22800,9,192.168.88.253,43544,187,,congestion_avoidance,
230,131122.247346,22900,9,192.168.88.253,43544,213,,congestion_avoidance,
231,131122.251541,23000,9,192.168.88.253,43544,202,,congestion_avoidance,
232,131122.256282,23100,9,192.168.88.253,43544,157,,congestion_avoidance,
233,131122.261121,23200,9,192.168.88.253,43544,184,,congestion_avoidance,
234,131122.265977,23300,9,192.168.88.253,43544,189,,congestion_avoidance,
235,131122.270303,23400,9,192.168.88.253,43544,190,,congestion_avoidance,
236,131122.274566,23500,9,192.168.88.253,43544,143,,congestion_avoidance,
237,131122.278739,23600,9,192.168.88.253,43544,200,,congestion_avoidance,
238,131122.282879,23700,9,192.168.88.253,43544,191,,congestion_avoidance,
239,131122.286963,23800,9,192.168.88.253,43544,152,,congestion_avoidance,
240,131122.291522,23900,9,192.168.88.253,43544,191,,congestion_avoidance,
241,131122.296026,24000,9,192.168.88.253,43544,188,,congestion_avoidance,
242,131122.300174,24100,9,192.168.88.253,43544,169,,congestion_avoidance,
243,131122.304338,24200,9,192.168.88.253,43544,185,,congestion_avoidance,
244,131122.308394,24300,9,192.168.88.253,43544,200,,congestion_avoidance,
245,131122.312821,24400,9,192.168.88.253,43544,212,,congestion_avoidance,
246,131122.317130,24500,9,192.168.88.253,43544,172,,congestion_avoidance,
247,131122.321598,24600,9,192.168.88.253,43544,200,,congestion_avoidance,
248,131122.326165,24700,9,192.168.88.253,43544,171,,congestion_avoidance,
249,131122.330386,24800,9,192.168.88.253,43544,216,,congestion_avoidance,
250,131122.335514,24900,9,192.168.88.253,43544,180,,congestion_avoidance,
251,131122.341652,25000,9,192.168.88.253,43544,178,,congestion_avoidance,
252,131122.349044,25100,9,192.168.88.253,43544,156,,congestion_avoidance,
253,131122.355492,25200,9,192.168.88.253,43544,173,,congestion_avoidance,
254,131122.366711,25300,9,192.168.88.253,43544,172,,congestion_avoidance,
255,131122.373938,25400,9,192.168.88.253,43544,200,,congestion_avoidance,
256,131122.379311,25500,9,192.168.88.253,43544,219,,congestion_avoidance,
257,131122.384621,25600,9,192.168.88.253,43544,201,,congestion_avoidance,
258,131122.389898,25700,9,192.168.88.253,43544,148,,congestion_avoidance,
259,131122.395147,25800,9,192.168.88.253,43544,154,,congestion_avoidance,
260,131122.400329,25900,9,192.168.88.253,43544,205,,congestion_avoidance,
261,131122.405643,26000,9,192.168.88.253,43544,213,,congestion_avoidance,
262,131122.410779,26100,9,192.168.88.253,43544,194,,congestion_avoidance,
263,131122.415230,26200,9,192.168.88.253,43544,188,,congestion_avoidance,
264,131122.419687,26300,9,192.168.88.253,43544,191,,congestion_avoidance,
265,131122.424094,26400,9,192.168.88.253,43544,181,,congestion_avoidance,
266,131122.428558,26500,9,192.168.88.253,43544,171,,congestion_avoidance,
267,131122.433087,26600,9,192.168.88.253,43544,166,,congestion_avoidance,
268,131122.437145,26700,9,192.168.88.253,43544,202,,congestion_avoidance,
269,131122.441670,26800,9,192.168.88.253,43544,206,,congestion_avoidance,
270,131122.446124,26900,9,192.168.88.253,43544,196,,congestion_avoidance,
271,131122.450559,27000,9,192.168.88.253,43544,194,,congestion_avoidance,
272,131122.454685,27100,9,192.168.88.253,43544,186,,congestion_avoidance,
273,131122.459104,27200,9,192.168.88.253,43544,166,,congestion_avoidance,
274,131122.463852,27300,9,192.168.88.253,43544,175,,congestion_avoidance,
275,131122.468282,27400,9,192.168.88.253,43544,185,,congestion_avoidance,
276,131122.472763,27500,9,192.168.88.253,43544,233,,congestion_avoidance,
277,131122.481482,27700,9,192.168.88.253,43544,180,,congestion_avoidance,
278,131122.485719,27800,9,192.168.88.253,43544,171,,congestion_avoidance,
279,131122.489730,27900,9,192.168.88.253,43544,172,,congestion_avoidance,
280,131122.493742,28000,9,192.168.88.253,43544,170,,congestion_avoidance,
281,131122.497877,28100,9,192.168.88.253,43544,226,,congestion_avoidance,
282,131122.502004,28200,9,192.168.88.253,43544,207,,congestion_avoidance,
283,131122.506123,28300,9,192.168.88.253,43544,210,,congestion_avoidance,
284,131122.510530,28400,9,192.168.88.253,43544,204,,congestion_avoidance,
285,131122.514659,28500,9,192.168.88.253,43544,203,,congestion_avoidance,
286,131122.519086,28600,9,192.168.88.253,43544,190,,congestion_avoidance,
287,131122.523271,28700,9,192.168.88.253,43544,132,,congestion_avoidance,
288,131122.527605,28800,9,192.168.88.253,43544,133,,congestion_avoidance,
289,131122.532236,28900,9,192.168.88.253,43544,186,,congestion_avoidance,
290,131122.536451,29000,9,192.168.88.253,43544,191,,congestion_avoidance,
291,131122.540944,29100,9,192.168.88.253,43544,205,,congestion_avoidance,
292,131122.545572,29200,9,192.168.88.253,43544,199,,congestion_avoidance,
293,131122.550283,29300,9,192.168.88.253,43544,231,,congestion_avoidance,
294,131122.554598,29400,9,192.168.88.253,43544,190,,congestion_avoidance,
295,131122.558887,29500,9,192.168.88.253,43544,194,,congestion_avoidance,
296,131122.563354,29600,9,192.168.88.253,43544,185,,congestion_avoidance,
297,131122.567707,29700,9,192.168.88.253,43544,213,,congestion_avoidance,
298,131122.572503,29800,9,192.168.88.253,43544,155,,congestion_avoidance,
299,131122.577029,29900,9,192.168.88.253,43544,179,,congestion_avoidance,
300,131122.582303,30000,9,192.168.88.253,43544,234,,congestion_avoidance,
301,131122.587785,30100,9,192.168.88.253,43544,242,,congestion_avoidance,
302,131122.593404,30200,9,192.168.88.253,43544,167,,congestion_avoidance,
303,131122.599049,30300,9,192.168.88.253,43544,189,,congestion_avoidance,
304,131122.604506,30400,9,192.168.88.253,43544,199,,congestion_avoidance,
305,131122.609684,30500,9,192.168.88.253,43544,197,,congestion_avoidance,
306,131122.615136,30600,9,192.168.88.253,43544,171,,congestion_avoidance,
307,131122.620478,30700,9,192.168.88.253,43544,206,,congestion_avoidance,
308,131122.625659,30800,9,192.168.88.253,43544,204,,congestion_avoidance,
309,131122.630882,30900,9,192.168.88.253,43544,172,,congestion_avoidance,
310,131122.636092,31000,9,192.168.88.253,43544,171,,congestion_avoidance,
311,131122.641354,31100,9,192.168.88.253,43544,179,,congestion_avoidance,
312,131122.646814,31200,9,192.168.88.253,43544,231,,congestion_avoidance,
313,131122.651861,31300,9,192.168.88.253,43544,170,,congestion_avoidance,
314,131122.657377,31400,9,192.168.88.253,43544,236,,congestion_avoidance,
315,131122.662934,31500,9,192.168.88.253,43544,188,,congestion_avoidance,
316,131122.668270,31600,9,192.168.88.253,43544,202,,congestion_avoidance,
317,131122.673379,31700,9,192.168.88.253,43544,174,,congestion_avoidance,
318,131122.678623,31800,9,192.168.88.253,43544,169,,congestion_avoidance,
319,131122.683961,31900,9,192.168.88.253,43544,200,,congestion_avoidance,
320,131122.689121,32000,9,192.168.88.253,43544,204,,congestion_avoidance,
321,131122.694668,32100,9,192.168.88.253,43544,151,,congestion_avoidance,
322,131122.700039,32200,9,192.168.88.253,43544,168,,congestion_avoidance,
323,131122.706204,32300,9,192.168.88.253,43544,175,,congestion_avoidance,
324,131122.711394,32400,9,192.168.88.253,43544,206,,congestion_avoidance,
325,131122.716997,32500,9,192.168.88.253,43544,179,,congestion_avoidance,
326,131122.722179,32600,9,192.168.88.253,43544,215,,congestion_avoidance,
327,131122.727418,32700,9,192.168.88.253,43544,139,,congestion_avoidance,
328,131122.732920,32800,9,192.168.88.253,43544,184,,congestion_avoidance,
329,131122.738742,32900,9,192.168.88.253,43544,188,,congestion_avoidance,
330,131122.744415,33000,9,192.168.88.253,43544,187,,congestion_avoidance,
331,131122.750369,33100,9,192.168.88.253,43544,209,,congestion_avoidance,
332,131122.755804,33200,9,192.168.88.253,43544,171,,congestion_avoidance,
333,131122.761073,33300,9,192.168.88.253,43544,149,,congestion_avoidance,
334,131122.766223,33400,9,192.168.88.253,43544,223,,congestion_avoidance,
335,131122.771570,33500,9,192.168.88.253,43544,206,,congestion_avoidance,
336,131122.776679,33600,9,192.168.88.253,43544,232,,congestion_avoidance,
337,131122.782146,33700,9,192.168.88.253,43544,156,,congestion_avoidance,
338,131122.788164,33800,9,192.168.88.253,43544,161,,congestion_avoidance,
339,131122.793757,33900,9,192.168.88.253,43544,215,,congestion_avoidance,
340,131122.799623,34000,9,192.168.88.253,43544,157,,congestion_avoidance,
341,131122.805413,34100,9,192.168.88.253,43544,218,,congestion_avoidance,
342,131122.810686,34200,9,192.168.88.253,43544,193,,congestion_avoidance,
343,131122.816505,34300,9,192.168.88.253,43544,167,,congestion_avoidance,
344,131122.822348,34400,9,192.168.88.253,43544,171,,congestion_avoidance,
345,131122.827727,34500,9,192.168.88.253,43544,197,,congestion_avoidance,
346,131122.833269,34600,9,192.168.88.253,43544,192,,congestion_avoidance,
347,131122.838645,34700,9,192.168.88.253,43544,168,,congestion_avoidance,
348,131122.844095,34800,9,192.168.88.253,43544,207,,congestion_avoidance,
349,131122.849670,34900,9,192.168.88.253,43544,187,,congestion_avoidance,
350,131122.855211,35000,9,192.168.88.253,43544,193,,congestion_avoidance,
351,131122.860855,35100,9,192.168.88.253,43544,201,,congestion_avoidance,
352,131122.866648,35200,9,192.168.88.253,43544,209,,congestion_avoidance,
353,131122.872016,35300,9,192.168.88.253,43544,194,,congestion_avoidance,
354,131122.877958,35400,9,192.168.88.253,43544,161,,congestion_avoidance,
355,131122.883731,35500,9,192.168.88.253,43544,171,,congestion_avoidance,
356,131122.889057,35600,9,192.168.88.253,43544,187,,congestion_avoidance,
357,131122.894799,35700,9,192.168.88.253,43544,244,,congestion_avoidance,
358,131122.900539,35800,9,192.168.88.253,43544,144,,congestion_avoidance,
359,131122.906267,35900,9,192.168.88.253,43544,121,,congestion_avoidance,
360,131122.911442,36000,9,192.168.88.253,43544,211,,congestion_avoidance,
361,131122.915922,36100,9,192.168.88.253,43544,234,,congestion_avoidance,
362,131122.920257,36200,9,192.168.88.253,43544,195,,congestion_avoidance,
363,131122.925728,36300,9,192.168.88.253,43544,190,,congestion_avoidance,
364,131122.930294,36400,9,192.168.88.253,43544,207,,congestion_avoidance,
365,131122.934855,36500,9,192.168.88.253,43544,210,,congestion_avoidance,
366,131122.939035,36600,9,192.168.88.253,43544,183,,congestion_avoidance,
367,131122.943176,36700,9,192.168.88.253,43544,195,,congestion_avoidance,
368,131122.947267,36800,9,192.168.88.253,43544,170,,congestion_avoidance,
369,131122.951505,36900,9,192.168.88.253,43544,206,,congestion_avoidance,
370,131122.955890,37000,9,192.168.88.253,43544,196,,congestion_avoidance,
371,131122.960346,37100,9,192.168.88.253,43544,198,,congestion_avoidance,
372,131122.964491,37200,9,192.168.88.253,43544,170,,congestion_avoidance,
373,131122.968597,37300,9,192.168.88.253,43544,233,,congestion_avoidance,
374,131122.972679,37400,9,192.168.88.253,43544,233,,congestion_avoidance,
375,131122.977209,37500,9,192.168.88.253,43544,170,,congestion_avoidance,
376,131122.981595,37600,9,192.168.88.253,43544,195,,congestion_avoidance,
377,131122.989895,37800,9,192.168.88.253,43544,206,,congestion_avoidance,
378,131122.994024,37900,9,192.168.88.253,43544,197,,congestion_avoidance,
379,131122.998284,38000,9,192.168.88.253,43544,188,,congestion_avoidance,
380,131123.002630,38100,9,192.168.88.253,43544,209,,congestion_avoidance,
381,131123.006849,38200,9,192.168.88.253,43544,209,,congestion_avoidance,
382,131123.010958,38300,9,192.168.88.253,43544,156,,congestion_avoidance,
383,131123.015450,38400,9,192.168.88.253,43544,204,,congestion_avoidance,
384,131123.019848,38500,9,192.168.88.253,43544,169,,congestion_avoidance,
385,131123.024013,38600,9,192.168.88.253,43544,200,,congestion_avoidance,
386,131123.028474,38700,9,192.168.88.253,43544,149,,congestion_avoidance,
387,131123.032585,38800,9,192.168.88.253,43544,189,,congestion_avoidance,
388,131123.037263,38900,9,192.168.88.253,43544,206,,congestion_avoidance,
389,131123.041330,39000,9,192.168.88.253,43544,227,,congestion_avoidance,
390,131123.045504,39100,9,192.168.88.253,43544,212,,congestion_avoidance,
391,131123.049666,39200,9,192.168.88.253,43544,208,,congestion_avoidance,
392,131123.053789,39300,9,192.168.88.253,43544,217,,congestion_avoidance,
393,131123.057909,39400,9,192.168.88.253,43544,213,,congestion_avoidance,
394,131123.062263,39500,9,192.168.88.253,43544,168,,congestion_avoidance,
395,131123.066309,39600,9,192.168.88.253,43544,192,,congestion_avoidance,
396,131123.070405,39700,9,192.168.88.253,43544,173,,congestion_avoidance,
397,131123.074451,39800,9,192.168.88.253,43544,193,,congestion_avoidance,
398,131123.078648,39900,9,192.168.88.253,43544,240,,congestion_avoidance,
399,131123.083345,40000,9,192.168.88.253,43544,179,,congestion_avoidance,
400,131123.087644,40100,9,192.168.88.253,43544,182,,congestion_avoidance,
401,131123.092125,40200,9,192.168.88.253,43544,141,,congestion_avoidance,
402,131123.096499,40300,9,192.168.88.253,43544,219,,congestion_avoidance,
403,131123.100728,40400,9,192.168.88.253,43544,184,,congestion_avoidance,
404,131123.105187,40500,9,192.168.88.253,43544,169,,congestion_avoidance,
405,131123.109219,40600,9,192.168.88.253,43544,179,,congestion_avoidance,
406,131123.113322,40700,9,192.168.88.253,43544,212,,congestion_avoidance,
407,131123.117787,40800,9,192.168.88.253,43544,205,,congestion_avoidance,
408,131123.121929,40900,9,192.168.88.253,43544,220,,congestion_avoidance,
409,131123.126004,41000,9,192.168.88.253,43544,197,,congestion_avoidance,
410,131123.130475,41100,9,192.168.88.253,43544,179,,congestion_avoidance,
411,131123.134644,41200,9,192.168.88.253,43544,170,,congestion_avoidance,
412,131123.138815,41300,9,192.168.88.253,43544,215,,congestion_avoidance,
413,131123.143153,41400,9,192.168.88.253,43544,198,,congestion_avoidance,
414,131123.147230,41500,9,192.168.88.253,43544,230,,congestion_avoidance,
415,131123.151343,41600,9,192.168.88.253,43544,202,,congestion_avoidance,
416,131123.155497,41700,9,192.168.88.253,43544,230,,congestion_avoidance,
417,131123.159950,41800,9,192.168.88.253,43544,204,,congestion_avoidance,
418,131123.164097,41900,9,192.168.88.253,43544,226,,congestion_avoidance,
419,131123.168189,42000,9,192.168.88.253,43544,164,,congestion_avoidance,
420,131123.172217,42100,9,192.168.88.253,43544,192,,congestion_avoidance,
421,131123.176755,42200,9,192.168.88.253,43544,198,,congestion_avoidance,
422,131123.180848,42300,9,192.168.88.253,43544,197,,congestion_avoidance,
423,131123.185122,42400,9,192.168.88.253,43544,185,,congestion_avoidance,
424,131123.189558,42500,9,192.168.88.253,43544,189,,congestion_avoidance,
425,131123.194556,42600,9,192.168.88.253,43544,222,,congestion_avoidance,
426,131123.199165,42700,9,192.168.88.253,43544,200,,congestion_avoidance,
427,131123.203947,42800,9,192.168.88.253,43544,229,,congestion_avoidance,
428,131123.208295,42900,9,192.168.88.253,43544,230,,congestion_avoidance,
429,131123.212609,43000,9,192.168.88.253,43544,208,,congestion_avoidance,
430,131123.217789,43100,9,192.168.88.253,43544,197,,congestion_avoidance,
431,131123.223583,43200,9,192.168.88.253,43544,193,,congestion_avoidance,
432,131123.229261,43300,9,192.168.88.253,43544,156,,congestion_avoidance,
433,131123.234920,43400,9,192.168.88.253,43544,189,,congestion_avoidance,
434,131123.240210,43500,9,192.168.88.253,43544,272,,congestion_avoidance,
435,131123.245848,43600,9,192.168.88.253,43544,210,,congestion_avoidance,
436,131123.251592,43700,9,192.168.88.253,43544,195,,congestion_avoidance,
437,131123.257207,43800,9,192.168.88.253,43544,163,,congestion_avoidance,
438,131123.262600,43900,9,192.168.88.253,43544,197,,congestion_avoidance,
439,131123.268028,44000,9,192.168.88.253,43544,266,,congestion_avoidance,
440,131123.273324,44100,9,192.168.88.253,43544,212,,congestion_avoidance,
441,131123.278703,44200,9,192.168.88.253,43544,218,,congestion_avoidance,
442,131123.283952,44300,9,192.168.88.253,43544,239,,congestion_avoidance,
443,131123.289272,44400,9,192.168.88.253,43544,184,,congestion_avoidance,
444,131123.294738,44500,9,192.168.88.253,43544,253,,congestion_avoidance,
445,131123.299934,44600,9,192.168.88.253,43544,174,,congestion_avoidance,
446,131123.304938,44700,9,192.168.88.253,43544,215,,congestion_avoidance,
447,131123.310324,44800,9,192.168.88.253,43544,177,,congestion_avoidance,
448,131123.315575,44900,9,192.168.88.253,43544,195,,congestion_avoidance,
449,131123.320861,45000,9,192.168.88.253,43544,218,,congestion_avoidance,
450,131123.325964,45100,9,192.168.88.253,43544,187,,congestion_avoidance,
451,131123.331058,45200,9,192.168.88.253,43544,176,,congestion_avoidance,
452,131123.336805,45300,9,192.168.88.253,43544,153,,congestion_avoidance,
453,131123.341982,45400,9,192.168.88.253,43544,221,,congestion_avoidance,
454,131123.347793,45500,9,192.168.88.253,43544,192,,congestion_avoidance,
455,131123.353315,45600,9,192.168.88.253,43544,190,,congestion_avoidance,
456,131123.358636,45700,9,192.168.88.253,43544,215,,congestion_avoidance,
457,131123.363937,45800,9,192.168.88.253,43544,202,,congestion_avoidance,
458,131123.369470,45900,9,192.168.88.253,43544,217,,congestion_avoidance,
459,131123.374804,46000,9,192.168.88.253,43544,195,,congestion_avoidance,
460,131123.380275,46100,9,192.168.88.253,43544,212,,congestion_avoidance,
461,131123.385509,46200,9,192.168.88.253,43544,165,,congestion_avoidance,
462,131123.391052,46300,9,192.168.88.253,43544,167,,congestion_avoidance,
463,131123.396626,46400,9,192.168.88.253,43544,141,,congestion_avoidance,
464,131123.401926,46500,9,192.168.88.253,43544,214,,congestion_avoidance,
465,131123.407260,46600,9,192.168.88.253,43544,159,,congestion_avoidance,
466,131123.412394,46700,9,192.168.88.253,43544,197,,congestion_avoidance,
467,131123.417615,46800,9,192.168.88.253,43544,227,,congestion_avoidance,
468,131123.422758,46900,9,192.168.88.253,43544,188,,congestion_avoidance,
469,131123.427845,47000,9,192.168.88.253,43544,212,,congestion_avoidance,
470,131123.433068,47100,9,192.168.88.253,43544,210,,congestion_avoidance,
471,131123.438533,47200,9,192.168.88.253,43544,214,,congestion_avoidance,
472,131123.443660,47300,9,192.168.88.253,43544,200,,congestion_avoidance,
473,131123.448998,47400,9,192.168.88.253,43544,180,,congestion_avoidance,
474,131123.453519,47500,9,192.168.88.253,43544,161,,congestion_avoidance,
475,131123.457908,47600,9,192.168.88.253,43544,191,,congestion_avoidance,
476,131123.462316,47700,9,192.168.88.253,43544,186,,congestion_avoidance,
477,131123.466379,47800,9,192.168.88.253,43544,181,,congestion_avoidance,
478,131123.470466,47900,9,192.168.88.253,43544,239,,congestion_avoidance,
479,131123.474558,48000,9,192.168.88.253,43544,172,,congestion_avoidance,
480,131123.478643,48100,9,192.168.88.253,43544,190,,congestion_avoidance,
481,131123.483260,48200,9,192.168.88.253,43544,125,,congestion_avoidance,
482,131123.487651,48300,9,192.168.88.253,43544,222,,congestion_avoidance,
483,131123.491736,48400,9,192.168.88.253,43544,229,,congestion_avoidance,
484,131123.500525,48600,9,192.168.88.253,43544,210,,congestion_avoidance,
485,131123.504602,48700,9,192.168.88.253,43544,215,,congestion_avoidance,
486,131123.508849,48800,9,192.168.88.253,43544,210,,congestion_avoidance,
487,131123.513008,48900,9,192.168.88.253,43544,199,,congestion_avoidance,
488,131123.517170,49000,9,192.168.88.253,43544,191,,congestion_avoidance,
489,131123.521337,49100,9,192.168.88.253,43544,212,,congestion_avoidance,
490,131123.525824,49200,9,192.168.88.253,43544,125,,congestion_avoidance,
491,131123.529937,49300,9,192.168.88.253,43544,170,,congestion_avoidance,
492,131123.534028,49400,9,192.168.88.253,43544,190,,congestion_avoidance,
493,131123.538095,49500,9,192.168.88.253,43544,227,,congestion_avoidance,
494,131123.542191,49600,9,192.168.88.253,43544,190,,congestion_avoidance,
495,131123.546491,49700,9,192.168.88.253,43544,219,,congestion_avoidance,
496,131123.550606,49800,9,192.168.88.253,43544,193,,congestion_avoidance,
497,131123.554745,49900,9,192.168.88.253,43544,150,,congestion_avoidance,
498,131123.558809,50000,9,192.168.88.253,43544,193,,congestion_avoidance,
499,131123.562921,50100,9,192.168.88.253,43544,208,,congestion_avoidance,
500,131123.567047,50200,9,192.168.88.253,43544,168,,congestion_avoidance,
501,131123.571157,50300,9,192.168.88.253,43544,227,,congestion_avoidance,
502,131123.575487,50400,9,192.168.88.253,43544,220,,congestion_avoidance,
503,131123.579776,50500,9,192.168.88.253,43544,226,,congestion_avoidance,
504,131123.583869,50600,9,192.168.88.253,43544,203,,congestion_avoidance,
505,131123.588219,50700,9,192.168.88.253,43544,208,,congestion_avoidance,
506,131123.592335,50800,9,192.168.88.253,43544,208,,congestion_avoidance,
507,131123.596457,50900,9,192.168.88.253,43544,167,,congestion_avoidance,
508,131123.600849,51000,9,192.168.88.253,43544,204,,congestion_avoidance,
509,131123.605277,51100,9,192.168.88.253,43544,175,,congestion_avoidance,
510,131123.609655,51200,9,192.168.88.253,43544,191,,congestion_avoidance,
511,131123.614065,51300,9,192.168.88.253,43544,205,,congestion_avoidance,
512,131123.618280,51400,9,192.168.88.253,43544,169,,congestion_avoidance,
513,131123.622710,51500,9,192.168.88.253,43544,191,,congestion_avoidance,
514,131123.627161,51600,9,192.168.88.253,43544,207,,congestion_avoidance,
515,131123.631589,51700,9,192.168.88.253,43544,176,,congestion_avoidance,
516,131123.635955,51800,9,192.168.88.253,43544,182,,congestion_avoidance,
517,131123.640615,51900,9,192.168.88.253,43544,202,,congestion_avoidance,
518,131123.644996,52000,9,192.168.88.253,43544,229,,congestion_avoidance,
519,131123.649405,52100,9,192.168.88.253,43544,191,,congestion_avoidance,
520,131123.653469,52200,9,192.168.88.253,43544,177,,congestion_avoidance,
521,131123.657572,52300,9,192.168.88.253,43544,167,,congestion_avoidance,
522,131123.661917,52400,9,192.168.88.253,43544,218,,congestion_avoidance,
523,131123.666100,52500,9,192.168.88.253,43544,192,,congestion_avoidance,
524,131123.670320,52600,9,192.168.88.253,43544,196,,congestion_avoidance,
525,131123.675044,52700,9,192.168.88.253,43544,216,,congestion_avoidance,
526,131123.679236,52800,9,192.168.88.253,43544,219,,congestion_avoidance,
527,131123.683367,52900,9,192.168.88.253,43544,185,,congestion_avoidance,
528,131123.687467,53000,9,192.168.88.253,43544,172,,congestion_avoidance,
529,131123.691661,53100,9,192.168.88.253,43544,154,,congestion_avoidance,
530,131123.695838,53200,9,192.168.88.253,43544,223,,congestion_avoidance,
531,131123.700002,53300,9,192.168.88.253,43544,154,,congestion_avoidance,
532,131123.704108,53400,9,192.168.88.253,43544,228,,congestion_avoidance,
533,131123.708294,53500,9,192.168.88.253,43544,196,,congestion_avoidance,
534,131123.712840,53600,9,192.168.88.253,43544,220,,congestion_avoidance,
535,131123.713477,53615,9,192.168.88.253,43544,267,,loss_recovery,
536,131123.713733,53620,4,192.168.88.253,43544,100,,congestion_avoidance,
537,131123.717319,53700,9,192.168.88.253,43544,201,,congestion_avoidance,
538,131123.721617,53800,9,192.168.88.253,43544,162,,congestion_avoidance,
539,131123.726389,53900,9,192.168.88.253,43544,191,,congestion_avoidance,
540,131123.730810,54000,9,192.168.88.253,43544,218,,congestion_avoidance,
541,131123.735461,54100,9,192.168.88.253,43544,243,,congestion_avoidance,
542,131123.740228,54200,9,192.168.88.253,43544,179,,congestion_avoidance,
543,131123.744463,54300,9,192.168.88.253,43544,167,,congestion_avoidance,
544,131123.748676,54400,9,192.168.88.253,43544,181,,congestion_avoidance,
545,131123.753369,54500,9,192.168.88.253,43544,184,,congestion_avoidance,
546,131123.757614,54600,9,192.168.88.253,43544,159,,congestion_avoidance,
547,131123.761865,54700,9,192.168.88.253,43544,226,,congestion_avoidance,
548,131123.766386,54800,9,192.168.88.253,43544,183,,congestion_avoidance,
549,131123.771572,54900,9,192.168.88.253,43544,195,,congestion_avoidance,
550,131123.777118,55000,9,192.168.88.253,43544,193,,congestion_avoidance,
551,131123.782470,55100,9,192.168.88.253,43544,170,,congestion_avoidance,
552,131123.788157,55200,9,192.168.88.253,43544,183,,congestion_avoidance,
553,131123.793864,55300,9,192.168.88.253,43544,173,,congestion_avoidance,
554,131123.799479,55400,9,192.168.88.253,43544,224,,congestion_avoidance,
555,131123.805142,55500,9,192.168.88.253,43544,150,,congestion_avoidance,
556,131123.810866,55600,9,192.168.88.253,43544,170,,congestion_avoidance,
557,131123.816724,55700,9,192.168.88.253,43544,149,,congestion_avoidance,
558,131123.822578,55800,9,192.168.88.253,43544,191,,congestion_avoidance,
559,131123.828399,55900,9,192.168.88.253,43544,189,,congestion_avoidance,
560,131123.834039,56000,9,192.168.88.253,43544,191,,congestion_avoidance,
561,131123.839363,56100,9,192.168.88.253,43544,211,,congestion_avoidance,
562,131123.845234,56200,9,192.168.88.253,43544,167,,congestion_avoidance,
563,131123.851297,56300,9,192.168.88.253,43544,221,,congestion_avoidance,
564,131123.856720,56400,9,192.168.88.253,43544,198,,congestion_avoidance,
565,131123.861079,56500,9,192.168.88.253,43544,196,,congestion_avoidance,
566,131123.866010,56600,9,192.168.88.253,43544,151,,congestion_avoidance,
567,131123.870911,56700,9,192.168.88.253,43544,170,,congestion_avoidance,
568,131123.875537,56800,9,192.168.88.253,43544,182,,congestion_avoidance,
569,131123.879875,56900,9,192.168.88.253,43544,202,,congestion_avoidance,
570,131123.884839,57000,9,192.168.88.253,43544,188,,congestion_avoidance,
571,131123.889562,57100,9,192.168.88.253,43544,188,,congestion_avoidance,
572,131123.893897,57200,9,192.168.88.253,43544,188,,congestion_avoidance,
573,131123.898379,57300,9,192.168.88.253,43544,192,,congestion_avoidance,
574,131123.903296,57400,9,192.168.88.253,43544,179,,congestion_avoidance,
575,131123.907569,57500,9,192.168.88.253,43544,187,,congestion_avoidance,
576,131123.912294,57600,9,192.168.88.253,43544,201,,congestion_avoidance,
577,131123.916670,57700,9,192.168.88.253,43544,209,,congestion_avoidance,
578,131123.921394,57800,9,192.168.88.253,43544,198,,congestion_avoidance,
579,131123.926892,57900,9,192.168.88.253,43544,217,,congestion_avoidance,
580,131123.932005,58000,9,192.168.88.253,43544,177,,congestion_avoidance,
581,131123.937486,58100,9,192.168.88.253,43544,148,,congestion_avoidance,
582,131123.942716,58200,9,192.168.88.253,43544,206,,congestion_avoidance,
583,131123.948008,58300,9,192.168.88.253,43544,205,,congestion_avoidance,
584,131123.953572,58400,9,192.168.88.253,43544,175,,congestion_avoidance,
585,131123.959004,58500,9,192.168.88.253,43544,195,,congestion_avoidance,
586,131123.964410,58600,9,192.168.88.253,43544,213,,congestion_avoidance,
587,131123.969795,58700,9,192.168.88.253,43544,219,,congestion_avoidance,
588,131123.974945,58800,9,192.168.88.253,43544,236,,congestion_avoidance,
589,131123.980472,58900,9,192.168.88.253,43544,186,,congestion_avoidance,
590,131123.985564,59000,9,192.168.88.253,43544,219,,congestion_avoidance,
591,131123.991019,59100,9,192.168.88.253,43544,170,,congestion_avoidance,
592,131123.996493,59200,9,192.168.88.253,43544,165,,congestion_avoidance,
593,131124.001849,59300,9,192.168.88.253,43544,173,,congestion_avoidance,
594,131124.012284,59500,9,192.168.88.253,43544,208,,congestion_avoidance,
595,131124.016453,59600,9,192.168.88.253,43544,215,,congestion_avoidance,
596,131124.021102,59700,9,192.168.88.253,43544,189,,congestion_avoidance,
597,131124.025764,59800,9,192.168.88.253,43544,200,,congestion_avoidance,
598,131124.030188,59900,9,192.168.88.253,43544,184,,congestion_avoidance,
599,131124.034502,60000,9,192.168.88.253,43544,245,,congestion_avoidance,
600,131124.038987,60100,9,192.168.88.253,43544,196,,congestion_avoidance,
601,131124.043852,60200,9,192.168.88.253,43544,193,,congestion_avoidance,
602,131124.048281,60300,9,192.168.88.253,43544,208,,congestion_avoidance,
603,131124.052918,60400,9,192.168.88.253,43544,199,,congestion_avoidance,
604,131124.057267,60500,9,192.168.88.253,43544,207,,congestion_avoidance,
605,131124.061541,60600,9,192.168.88.253,43544,162,,congestion_avoidance,
606,131124.066342,60700,9,192.168.88.253,43544,209,,congestion_avoidance,
607,131124.071710,60800,9,192.168.88.253,43544,169,,congestion_avoidance,
608,131124.075937,60900,9,192.168.88.253,43544,217,,congestion_avoidance,
609,131124.080331,61000,9,192.168.88.253,43544,170,,congestion_avoidance,
610,131124.084618,61100,9,192.168.88.253,43544,187,,congestion_avoidance,
611,131124.089103,61200,9,192.168.88.253,43544,208,,congestion_avoidance,
612,131124.093425,61300,9,192.168.88.253,43544,205,,congestion_avoidance,
613,131124.097726,61400,9,192.168.88.253,43544,195,,congestion_avoidance,
614,131124.102498,61500,9,192.168.88.253,43544,235,,congestion_avoidance,
615,131124.106529,61600,9,192.168.88.253,43544,216,,congestion_avoidance,
616,131124.111043,61700,9,192.168.88.253,43544,190,,congestion_avoidance,
617,131124.115382,61800,9,192.168.88.253,43544,208,,congestion_avoidance,
618,131124.120103,61900,9,192.168.88.253,43544,229,,congestion_avoidance,
619,131124.124984,62000,9,192.168.88.253,43544,158,,congestion_avoidance,
620,131124.129799,62100,9,192.168.88.253,43544,196,,congestion_avoidance,
621,131124.134072,62200,9,192.168.88.253,43544,204,,congestion_avoidance,
622,131124.138846,62300,9,192.168.88.253,43544,235,,congestion_avoidance,
623,131124.143074,62400,9,192.168.88.253,43544,184,,congestion_avoidance,
624,131124.147964,62500,9,192.168.88.253,43544,179,,congestion_avoidance,
625,131124.152697,62600,9,192.168.88.253,43544,177,,congestion_avoidance,
626,131124.157029,62700,9,192.168.88.253,43544,213,,congestion_avoidance,
627,131124.161357,62800,9,192.168.88.253,43544,190,,congestion_avoidance,
628,131124.165768,62900,9,192.168.88.253,43544,207,,congestion_avoidance,
629,131124.170445,63000,9,192.168.88.253,43544,192,,congestion_avoidance,
630,131124.174702,63100,9,192.168.88.253,43544,188,,congestion_avoidance,
631,131124.179064,63200,9,192.168.88.253,43544,187,,congestion_avoidance,
632,131124.183735,63300,9,192.168.88.253,43544,234,,congestion_avoidance,
633,131124.188460,63400,9,192.168.88.253,43544,173,,congestion_avoidance,
634,131124.192873,63500,9,192.168.88.253,43544,154,,congestion_avoidance,
635,131124.197437,63600,9,192.168.88.253,43544,216,,congestion_avoidance,
636,131124.202053,63700,9,192.168.88.253,43544,189,,congestion_avoidance,
637,131124.206646,63800,9,192.168.88.253,43544,203,,congestion_avoidance,
638,131124.211111,63900,9,192.168.88.253,43544,226,,congestion_avoidance,
639,131124.215447,64000,9,192.168.88.253,43544,215,,congestion_avoidance,
640,131124.219767,64100,9,192.168.88.253,43544,199,,congestion_avoidance,
641,131124.224412,64200,9,192.168.88.253,43544,192,,congestion_avoidance,
642,131124.228868,64300,9,192.168.88.253,43544,149,,congestion_avoidance,
643,131124.233609,64400,9,192.168.88.253,43544,204,,congestion_avoidance,
644,131124.237855,64500,9,192.168.88.253,43544,190,,congestion_avoidance,
645,131124.242289,64600,9,192.168.88.253,43544,207,,congestion_avoidance,
646,131124.246870,64700,9,192.168.88.253,43544,194,,congestion_avoidance,
647,131124.251202,64800,9,192.168.88.253,43544,191,,congestion_avoidance,
648,131124.255902,64900,9,192.168.88.253,43544,190,,congestion_avoidance,
649,131124.260871,65000,9,192.168.88.253,43544,196,,congestion_avoidance,
650,131124.265012,65100,9,192.168.88.253,43544,213,,congestion_avoidance,
651,131124.269057,65200,9,192.168.88.253,43544,182,,congestion_avoidance,
652,131124.273539,65300,9,192.168.88.253,43544,187,,congestion_avoidance,
653,131124.277576,65400,9,192.168.88.253,43544,204,,congestion_avoidance,
654,131124.282009,65500,9,192.168.88.253,43544,179,,congestion_avoidance,
655,131124.286468,65600,9,192.168.88.253,43544,185,,congestion_avoidance,
656,131124.291069,65700,9,192.168.88.253,43544,158,,congestion_avoidance,
657,131124.295253,65800,9,192.168.88.253,43544,199,,congestion_avoidance,
658,131124.299776,65900,9,192.168.88.253,43544,194,,congestion_avoidance,
659,131124.304612,66000,9,192.168.88.253,43544,162,,congestion_avoidance,
660,131124.309502,66100,9,192.168.88.253,43544,243,,congestion_avoidance,
661,131124.313701,66200,9,192.168.88.253,43544,221,,congestion_avoidance,
662,131124.318159,66300,9,192.168.88.253,43544,205,,congestion_avoidance,
663,131124.322277,66400,9,192.168.88.253,43544,184,,congestion_avoidance,
664,131124.326397,66500,9,192.168.88.253,43544,168,,congestion_avoidance,
665,131124.330466,66600,9,192.168.88.253,43544,169,,congestion_avoidance,
666,131124.334558,66700,9,192.168.88.253,43544,191,,congestion_avoidance,
667,131124.338842,66800,9,192.168.88.253,43544,184,,congestion_avoidance,
668,131124.343543,66900,9,192.168.88.253,43544,190,,congestion_avoidance,
669,131124.348174,67000,9,192.168.88.253,43544,217,,congestion_avoidance,
670,131124.352813,67100,9,192.168.88.253,43544,230,,congestion_avoidance,
671,131124.357040,67200,9,192.168.88.253,43544,179,,congestion_avoidance,
672,131124.361675,67300,9,192.168.88.253,43544,171,,congestion_avoidance,
673,131124.366205,67400,9,192.168.88.253,43544,234,,congestion_avoidance,
674,131124.370767,67500,9,192.168.88.253,43544,155,,congestion_avoidance,
675,131124.375132,67600,9,192.168.88.253,43544,165,,congestion_avoidance,
676,131124.379280,67700,9,192.168.88.253,43544,173,,congestion_avoidance,
677,131124.383659,67800,9,192.168.88.253,43544,190,,congestion_avoidance,
678,131124.388206,67900,9,192.168.88.253,43544,202,,congestion_avoidance,
679,131124.392940,68000,9,192.168.88.253,43544,185,,congestion_avoidance,
680,131124.397227,68100,9,192.168.88.253,43544,175,,congestion_avoidance,
681,131124.402234,68200,9,192.168.88.253,43544,264,,congestion_avoidance,
682,131124.407001,68300,9,192.168.88.253,43544,216,,congestion_avoidance,
683,131124.422196,68400,9,192.168.88.253,43544,125,,congestion_avoidance,
684,131124.426354,68500,9,192.168.88.253,43544,218,,congestion_avoidance,
685,131124.430872,68600,9,192.168.88.253,43544,219,,congestion_avoidance,
686,131124.435120,68700,9,192.168.88.253,43544,211,,congestion_avoidance,
687,131124.439951,68800,9,192.168.88.253,43544,218,,congestion_avoidance,
688,131124.445375,68900,9,192.168.88.253,43544,152,,congestion_avoidance,
689,131124.450876,69000,9,192.168.88.253,43544,173,,congestion_avoidance,
690,131124.456023,69100,9,192.168.88.253,43544,151,,congestion_avoidance,
691,131124.461042,69200,9,192.168.88.253,43544,168,,congestion_avoidance,
692,131124.466079,69300,9,192.168.88.253,43544,193,,congestion_avoidance,
693,131124.471505,69400,9,192.168.88.253,43544,247,,congestion_avoidance,
694,131124.476788,69500,9,192.168.88.253,43544,215,,congestion_avoidance,
695,131124.482174,69600,9,192.168.88.253,43544,178,,congestion_avoidance,
696,131124.487663,69700,9,192.168.88.253,43544,136,,congestion_avoidance,
697,131124.493019,69800,9,192.168.88.253,43544,182,,congestion_avoidance,
698,131124.498091,69900,9,192.168.88.253,43544,164,,congestion_avoidance,
699,131124.503311,70000,9,192.168.88.253,43544,167,,congestion_avoidance,
700,131124.508519,70100,9,192.168.88.253,43544,210,,congestion_avoidance,
701,131124.519669,70300,9,192.168.88.253,43544,223,,congestion_avoidance,
702,131124.525680,70400,9,192.168.88.253,43544,149,,congestion_avoidance,
703,131124.531538,70500,9,192.168.88.253,43544,168,,congestion_avoidance,
704,131124.536675,70600,9,192.168.88.253,43544,172,,congestion_avoidance,
705,131124.542101,70700,9,192.168.88.253,43544,209,,congestion_avoidance,
706,131124.547498,70800,9,192.168.88.253,43544,216,,congestion_avoidance,
707,131124.553046,70900,9,192.168.88.253,43544,211,,congestion_avoidance,
708,131124.558327,71000,9,192.168.88.253,43544,169,,congestion_avoidance,
709,131124.563571,71100,9,192.168.88.253,43544,178,,congestion_avoidance,
710,131124.568698,71200,9,192.168.88.253,43544,216,,congestion_avoidance,
711,131124.574023,71300,9,192.168.88.253,43544,206,,congestion_avoidance,
712,131124.579604,71400,9,192.168.88.253,43544,224,,congestion_avoidance,
713,131124.585036,71500,9,192.168.88.253,43544,176,,congestion_avoidance,
714,131124.590831,71600,9,192.168.88.253,43544,199,,congestion_avoidance,
715,131124.596457,71700,9,192.168.88.253,43544,157,,congestion_avoidance,
716,131124.601455,71800,9,192.168.88.253,43544,170,,congestion_avoidance,
717,131124.606786,71900,9,192.168.88.253,43544,155,,congestion_avoidance,
718,131124.612571,72000,9,192.168.88.253,43544,188,,congestion_avoidance,
719,131124.618143,72100,9,192.168.88.253,43544,186,,congestion_avoidance,
720,131124.624172,72200,9,192.168.88.253,43544,222,,congestion_avoidance,
721,131124.631253,72300,9,192.168.88.253,43544,162,,congestion_avoidance,
722,131124.637129,72400,9,192.168.88.253,43544,168,,congestion_avoidance,
723,131124.642648,72500,9,192.168.88.253,43544,183,,congestion_avoidance,
724,131124.648361,72600,9,192.168.88.253,43544,166,,congestion_avoidance,
725,131124.654520,72700,9,192.168.88.253,43544,205,,congestion_avoidance,
726,131124.660275,72800,9,192.168.88.253,43544,192,,congestion_avoidance,
727,131124.665594,72900,9,192.168.88.253,43544,183,,congestion_avoidance,
728,131124.671323,73000,9,192.168.88.253,43544,222,,congestion_avoidance,
729,131124.677085,73100,9,192.168.88.253,43544,197,,congestion_avoidance,
730,131124.682761,73200,9,192.168.88.253,43544,157,,congestion_avoidance,
731,131124.688533,73300,9,192.168.88.253,43544,167,,congestion_avoidance,
732,131124.695641,73400,9,192.168.88.253,43544,158,,congestion_avoidance,
733,131124.700948,73500,9,192.168.88.253,43544,202,,congestion_avoidance,
734,131124.705213,73600,9,192.168.88.253,43544,207,,congestion_avoidance,
735,131124.709768,73700,9,192.168.88.253,43544,207,,congestion_avoidance,
736,131124.713971,73800,9,192.168.88.253,43544,220,,congestion_avoidance,
737,131124.718488,73900,9,192.168.88.253,43544,164,,congestion_avoidance,
738,131124.722413,74000,9,192.168.88.253,43544,210,,congestion_avoidance,
739,131124.727053,74100,9,192.168.88.253,43544,223,,congestion_avoidance,
740,131124.731207,74200,9,192.168.88.253,43544,171,,congestion_avoidance,
741,131124.735372,74300,9,192.168.88.253,43544,181,,congestion_avoidance,
742,131124.739789,74400,9,192.168.88.253,43544,213,,congestion_avoidance,
743,131124.744905,74500,9,192.168.88.253,43544,193,,congestion_avoidance,
744,131124.749227,74600,9,192.168.88.253,43544,214,,congestion_avoidance,
745,131124.753628,74700,9,192.168.88.253,43544,219,,congestion_avoidance,
746,131124.757962,74800,9,192.168.88.253,43544,214,,congestion_avoidance,
747,131124.761988,74900,9,192.168.88.253,43544,221,,congestion_avoidance,
748,131124.766239,75000,9,192.168.88.253,43544,197,,congestion_avoidance,
749,131124.770265,75100,9,192.168.88.253,43544,215,,congestion_avoidance,
750,131124.775087,75200,9,192.168.88.253,43544,142,,congestion_avoidance,
751,131124.779136,75300,9,192.168.88.253,43544,220,,congestion_avoidance,
752,131124.784366,75400,9,192.168.88.253,43544,169,,congestion_avoidance,
753,131124.789832,75500,9,192.168.88.253,43544,186,,congestion_avoidance,
754,131124.795187,75600,9,192.168.88.253,43544,144,,congestion_avoidance,
755,131124.800202,75700,9,192.168.88.253,43544,213,,congestion_avoidance,
756,131124.804559,75800,9,192.168.88.253,43544,168,,congestion_avoidance,
757,131124.809062,75900,9,192.168.88.253,43544,196,,congestion_avoidance,
758,131124.813835,76000,9,192.168.88.253,43544,165,,congestion_avoidance,
759,131124.818051,76100,9,192.168.88.253,43544,222,,congestion_avoidance,
760,131124.822549,76200,9,192.168.88.253,43544,184,,congestion_avoidance,
761,131124.826735,76300,9,192.168.88.253,43544,205,,congestion_avoidance,
762,131124.830987,76400,9,192.168.88.253,43544,206,,congestion_avoidance,
763,131124.835178,76500,9,192.168.88.253,43544,207,,congestion_avoidance,
764,131124.839611,76600,9,192.168.88.253,43544,135,,congestion_avoidance,
765,131124.844164,76700,9,192.168.88.253,43544,197,,congestion_avoidance,
766,131124.848239,76800,9,192.168.88.253,43544,194,,congestion_avoidance,
767,131124.852789,76900,9,192.168.88.253,43544,216,,congestion_avoidance,
768,131124.857027,77000,9,192.168.88.253,43544,189,,congestion_avoidance,
769,131124.861215,77100,9,192.168.88.253,43544,186,,congestion_avoidance,
770,131124.865294,77200,9,192.168.88.253,43544,195,,congestion_avoidance,
771,131124.869446,77300,9,192.168.88.253,43544,215,,congestion_avoidance,
772,131124.873627,77400,9,192.168.88.253,43544,220,,congestion_avoidance,
773,131124.877685,77500,9,192.168.88.253,43544,162,,congestion_avoidance,
774,131124.881840,77600,9,192.168.88.253,43544,201,,congestion_avoidance,
775,131124.886069,77700,9,192.168.88.253,43544,198,,congestion_avoidance,
776,131124.890213,77800,9,192.168.88.253,43544,186,,congestion_avoidance,
777,131124.894333,77900,9,192.168.88.253,43544,211,,congestion_avoidance,
778,131124.898450,78000,9,192.168.88.253,43544,207,,congestion_avoidance,
779,131124.902945,78100,9,192.168.88.253,43544,203,,congestion_avoidance,
780,131124.907015,78200,9,192.168.88.253,43544,212,,congestion_avoidance,
781,131124.911190,78300,9,192.168.88.253,43544,196,,congestion_avoidance,
782,131124.915526,78400,9,192.168.88.253,43544,254,,congestion_avoidance,
783,131124.920083,78500,9,192.168.88.253,43544,175,,congestion_avoidance,
784,131124.925452,78600,9,192.168.88.253,43544,214,,congestion_avoidance,
785,131124.930719,78700,9,192.168.88.253,43544,161,,congestion_avoidance,
786,131124.936071,78800,9,192.168.88.253,43544,161,,congestion_avoidance,
787,131124.941362,78900,9,192.168.88.253,43544,177,,congestion_avoidance,
788,131124.946835,79000,9,192.168.88.253,43544,153,,congestion_avoidance,
789,131124.953371,79100,9,192.168.88.253,43544,168,,congestion_avoidance,
790,131124.959097,79200,9,192.168.88.253,43544,206,,congestion_avoidance,
791,131124.964751,79300,9,192.168.88.253,43544,155,,congestion_avoidance,
792,131124.969856,79400,9,192.168.88.253,43544,185,,congestion_avoidance,
793,131124.975283,79500,9,192.168.88.253,43544,214,,congestion_avoidance,
794,131124.980424,79600,9,192.168.88.253,43544,224,,congestion_avoidance,
795,131124.985820,79700,9,192.168.88.253,43544,212,,congestion_avoidance,
796,131124.991053,79800,9,192.168.88.253,43544,151,,congestion_avoidance,
797,131124.996222,79900,9,192.168.88.253,43544,210,,congestion_avoidance,
798,131125.001696,80000,9,192.168.88.253,43544,218,,congestion_avoidance,
799,131125.006962,80100,9,192.168.88.253,43544,201,,congestion_avoidance,
800,131125.012668,80200,9,192.168.88.253,43544,169,,congestion_avoidance,
801,131125.016760,80300,9,192.168.88.253,43544,231,,congestion_avoidance,
802,131125.025123,80500,9,192.168.88.253,43544,169,,congestion_avoidance,
803,131125.029282,80600,9,192.168.88.253,43544,226,,congestion_avoidance,
804,131125.033453,80700,9,192.168.88.253,43544,214,,congestion_avoidance,
805,131125.037916,80800,9,192.168.88.253,43544,149,,congestion_avoidance,
806,131125.041978,80900,9,192.168.88.253,43544,189,,congestion_avoidance,
807,131125.046074,81000,9,192.168.88.253,43544,189,,congestion_avoidance,
808,131125.050170,81100,9,192.168.88.253,43544,194,,congestion_avoidance,
809,131125.054319,81200,9,192.168.88.253,43544,201,,congestion_avoidance,
810,131125.058442,81300,9,192.168.88.253,43544,210,,congestion_avoidance,
811,131125.062532,81400,9,192.168.88.253,43544,207,,congestion_avoidance,
812,131125.066669,81500,9,192.168.88.253,43544,197,,congestion_avoidance,
813,131125.070808,81600,9,192.168.88.253,43544,207,,congestion_avoidance,
814,131125.075284,81700,9,192.168.88.253,43544,160,,congestion_avoidance,
815,131125.079750,81800,9,192.168.88.253,43544,207,,congestion_avoidance,
816,131125.084055,81900,9,192.168.88.253,43544,206,,congestion_avoidance,
817,131125.089437,82000,9,192.168.88.253,43544,211,,congestion_avoidance,
818,131125.093978,82100,9,192.168.88.253,43544,157,,congestion_avoidance,
819,131125.099606,82200,9,192.168.88.253,43544,190,,congestion_avoidance,
820,131125.104427,82300,9,192.168.88.253,43544,227,,congestion_avoidance,
821,131125.110519,82400,9,192.168.88.253,43544,158,,congestion_avoidance,
822,131125.116309,82500,9,192.168.88.253,43544,183,,congestion_avoidance,
823,131125.121856,82600,9,192.168.88.253,43544,176,,congestion_avoidance,
824,131125.128522,82700,9,192.168.88.253,43544,199,,congestion_avoidance,
825,131125.134503,82800,9,192.168.88.253,43544,221,,congestion_avoidance,
826,131125.140697,82900,9,192.168.88.253,43544,211,,congestion_avoidance,
827,131125.147302,83000,9,192.168.88.253,43544,128,,congestion_avoidance,
828,131125.152212,83100,9,192.168.88.253,43544,179,,congestion_avoidance,
829,131125.157073,83200,9,192.168.88.253,43544,255,,congestion_avoidance,
830,131125.161596,83300,9,192.168.88.253,43544,148,,congestion_avoidance,
831,131125.165953,83400,9,192.168.88.253,43544,174,,congestion_avoidance,
832,131125.170533,83500,9,192.168.88.253,43544,163,,congestion_avoidance,
833,131125.174981,83600,9,192.168.88.253,43544,187,,congestion_avoidance,
834,131125.179187,83700,9,192.168.88.253,43544,202,,congestion_avoidance,
835,131125.183651,83800,9,192.168.88.253,43544,201,,congestion_avoidance,
836,131125.188126,83900,9,192.168.88.253,43544,172,,congestion_avoidance,
837,131125.192506,84000,9,192.168.88.253,43544,192,,congestion_avoidance,
838,131125.196989,84100,9,192.168.88.253,43544,188,,congestion_avoidance,
839,131125.201510,84200,9,192.168.88.253,43544,201,,congestion_avoidance,
840,131125.205859,84300,9,192.168.88.253,43544,184,,congestion_avoidance,
841,131125.211381,84400,9,192.168.88.253,43544,191,,congestion_avoidance,
842,131125.216685,84500,9,192.168.88.253,43544,247,,congestion_avoidance,
843,131125.222241,84600,9,192.168.88.253,43544,162,,congestion_avoidance,
844,131125.227473,84700,9,192.168.88.253,43544,231,,congestion_avoidance,
845,131125.232997,84800,9,192.168.88.253,43544,200,,congestion_avoidance,
846,131125.238269,84900,9,192.168.88.253,43544,178,,congestion_avoidance,
847,131125.243853,85000,9,192.168.88.253,43544,207,,congestion_avoidance,
848,131125.249046,85100,9,192.168.88.253,43544,162,,congestion_avoidance,
849,131125.254326,85200,9,192.168.88.253,43544,213,,congestion_avoidance,
850,131125.260145,85300,9,192.168.88.253,43544,159,,congestion_avoidance,
851,131125.266283,85400,9,192.168.88.253,43544,155,,congestion_avoidance,
852,131125.271709,85500,9,192.168.88.253,43544,210,,congestion_avoidance,
853,131125.275863,85600,9,192.168.88.253,43544,213,,congestion_avoidance,
854,131125.279990,85700,9,192.168.88.253,43544,218,,congestion_avoidance,
855,131125.284107,85800,9,192.168.88.253,43544,219,,congestion_avoidance,
856,131125.288289,85900,9,192.168.88.253,43544,199,,congestion_avoidance,
857,131125.292416,86000,9,192.168.88.253,43544,217,,congestion_avoidance,
858,131125.296677,86100,9,192.168.88.253,43544,211,,congestion_avoidance,
859,131125.300985,86200,9,192.168.88.253,43544,233,,congestion_avoidance,
860,131125.305075,86300,9,192.168.88.253,43544,165,,congestion_avoidance,
861,131125.309547,86400,9,192.168.88.253,43544,203,,congestion_avoidance,
862,131125.313662,86500,9,192.168.88.253,43544,207,,congestion_avoidance,
863,131125.318039,86600,9,192.168.88.253,43544,183,,congestion_avoidance,
864,131125.322096,86700,9,192.168.88.253,43544,210,,congestion_avoidance,
865,131125.326213,86800,9,192.168.88.253,43544,198,,congestion_avoidance,
866,131125.330815,86900,9,192.168.88.253,43544,206,,congestion_avoidance,
867,131125.335234,87000,9,192.168.88.253,43544,190,,congestion_avoidance,
868,131125.339682,87100,9,192.168.88.253,43544,179,,congestion_avoidance,
869,131125.344127,87200,9,192.168.88.253,43544,171,,congestion_avoidance,
870,131125.348365,87300,9,192.168.88.253,43544,197,,congestion_avoidance,
871,131125.352774,87400,9,192.168.88.253,43544,206,,congestion_avoidance,
872,131125.356916,87500,9,192.168.88.253,43544,218,,congestion_avoidance,
873,131125.361072,87600,9,192.168.88.253,43544,226,,congestion_avoidance,
874,131125.365448,87700,9,192.168.88.253,43544,144,,congestion_avoidance,
875,131125.369649,87800,9,192.168.88.253,43544,184,,congestion_avoidance,
876,131125.373720,87900,9,192.168.88.253,43544,185,,congestion_avoidance,
877,131125.377824,88000,9,192.168.88.253,43544,173,,congestion_avoidance,
878,131125.382292,88100,9,192.168.88.253,43544,212,,congestion_avoidance,
879,131125.386736,88200,9,192.168.88.253,43544,193,,congestion_avoidance,
880,131125.391190,88300,9,192.168.88.253,43544,187,,congestion_avoidance,
881,131125.395447,88400,9,192.168.88.253,43544,185,,congestion_avoidance,
882,131125.399888,88500,9,192.168.88.253,43544,191,,congestion_avoidance,
883,131125.404264,88600,9,192.168.88.253,43544,207,,congestion_avoidance,
884,131125.408718,88700,9,192.168.88.253,43544,202,,congestion_avoidance,
885,131125.413154,88800,9,192.168.88.253,43544,184,,congestion_avoidance,
886,131125.417582,88900,9,192.168.88.253,43544,185,,congestion_avoidance,
887,131125.422050,89000,9,192.168.88.253,43544,185,,congestion_avoidance,
888,131125.426485,89100,9,192.168.88.253,43544,192,,congestion_avoidance,
889,131125.430706,89200,9,192.168.88.253,43544,213,,congestion_avoidance,
890,131125.435040,89300,9,192.168.88.253,43544,199,,congestion_avoidance,
891,131125.439349,89400,9,192.168.88.253,43544,195,,congestion_avoidance,
892,131125.444150,89500,9,192.168.88.253,43544,153,,congestion_avoidance,
893,131125.448683,89600,9,192.168.88.253,43544,197,,congestion_avoidance,
894,131125.453492,89700,9,192.168.88.253,43544,186,,congestion_avoidance,
895,131125.457823,89800,9,192.168.88.253,43544,179,,congestion_avoidance,
896,131125.462439,89900,9,192.168.88.253,43544,198,,congestion_avoidance,
897,131125.467037,90000,9,192.168.88.253,43544,204,,congestion_avoidance,
898,131125.471190,90100,9,192.168.88.253,43544,218,,congestion_avoidance,
899,131125.475794,90200,9,192.168.88.253,43544,243,,congestion_avoidance,
900,131125.480481,90300,9,192.168.88.253,43544,170,,congestion_avoidance,
901,131125.485034,90400,9,192.168.88.253,43544,203,,congestion_avoidance,
902,131125.489677,90500,9,192.168.88.253,43544,209,,congestion_avoidance,
903,131125.494021,90600,9,192.168.88.253,43544,203,,congestion_avoidance,
904,131125.498494,90700,9,192.168.88.253,43544,207,,congestion_avoidance,
905,131125.503264,90800,9,192.168.88.253,43544,192,,congestion_avoidance,
906,131125.507392,90900,9,192.168.88.253,43544,190,,congestion_avoidance,
907,131125.511878,91000,9,192.168.88.253,43544,109,,congestion_avoidance,
908,131125.515951,91100,9,192.168.88.253,43544,192,,congestion_avoidance,
909,131125.520513,91200,9,192.168.88.253,43544,216,,congestion_avoidance,
910,131125.524631,91300,9,192.168.88.253,43544,176,,congestion_avoidance,
911,131125.528811,91400,9,192.168.88.253,43544,208,,congestion_avoidance,
912,131125.533108,91500,9,192.168.88.253,43544,198,,congestion_avoidance,
913,131125.537677,91600,9,192.168.88.253,43544,176,,congestion_avoidance,
914,131125.542027,91700,9,192.168.88.253,43544,172,,congestion_avoidance,
915,131125.546602,91800,9,192.168.88.253,43544,251,,congestion_avoidance,
916,131125.550953,91900,9,192.168.88.253,43544,202,,congestion_avoidance,
917,131125.556013,92000,9,192.168.88.253,43544,177,,congestion_avoidance,
918,131125.561758,92100,9,192.168.88.253,43544,184,,congestion_avoidance,
919,131125.568039,92200,9,192.168.88.253,43544,196,,congestion_avoidance,
920,131125.573954,92300,9,192.168.88.253,43544,150,,congestion_avoidance,
921,131125.579793,92400,9,192.168.88.253,43544,171,,congestion_avoidance,
922,131125.585288,92500,9,192.168.88.253,43544,266,,congestion_avoidance,
923,131125.590750,92600,9,192.168.88.253,43544,159,,congestion_avoidance,
924,131125.596449,92700,9,192.168.88.253,43544,134,,congestion_avoidance,
925,131125.601831,92800,9,192.168.88.253,43544,196,,congestion_avoidance,
926,131125.607272,92900,9,192.168.88.253,43544,185,,congestion_avoidance,
927,131125.612652,93000,9,192.168.88.253,43544,174,,congestion_avoidance,
928,131125.617741,93100,9,192.168.88.253,43544,168,,congestion_avoidance,
929,131125.623263,93200,9,192.168.88.253,43544,169,,congestion_avoidance,
930,131125.628572,93300,9,192.168.88.253,43544,209,,congestion_avoidance,
931,131125.633967,93400,9,192.168.88.253,43544,163,,congestion_avoidance,
932,131125.640032,93500,9,192.168.88.253,43544,195,,congestion_avoidance,
933,131125.645421,93600,9,192.168.88.253,43544,185,,congestion_avoidance,
934,131125.651362,93700,9,192.168.88.253,43544,171,,congestion_avoidance,
935,131125.656810,93800,9,192.168.88.253,43544,162,,congestion_avoidance,
936,131125.661236,93900,9,192.168.88.253,43544,201,,congestion_avoidance,
937,131125.665852,94000,9,192.168.88.253,43544,174,,congestion_avoidance,
938,131125.670473,94100,9,192.168.88.253,43544,192,,congestion_avoidance,
939,131125.675786,94200,9,192.168.88.253,43544,199,,congestion_avoidance,
940,131125.680501,94300,9,192.168.88.253,43544,191,,congestion_avoidance,
941,131125.684775,94400,9,192.168.88.253,43544,203,,congestion_avoidance,
942,131125.688985,94500,9,192.168.88.253,43544,170,,congestion_avoidance,
943,131125.693317,94600,9,192.168.88.253,43544,167,,congestion_avoidance,
944,131125.697589,94700,9,192.168.88.253,43544,176,,congestion_avoidance,
945,131125.702020,94800,9,192.168.88.253,43544,212,,congestion_avoidance,
946,131125.706663,94900,9,192.168.88.253,43544,219,,congestion_avoidance,
947,131125.710780,95000,9,192.168.88.253,43544,190,,congestion_avoidance,
948,131125.715275,95100,9,192.168.88.253,43544,183,,congestion_avoidance,
949,131125.719816,95200,9,192.168.88.253,43544,191,,congestion_avoidance,
950,131125.723902,95300,9,192.168.88.253,43544,224,,congestion_avoidance,
951,131125.728164,95400,9,192.168.88.253,43544,227,,congestion_avoidance,
952,131125.732276,95500,9,192.168.88.253,43544,221,,congestion_avoidance,
953,131125.736392,95600,9,192.168.88.253,43544,215,,congestion_avoidance,
954,131125.740771,95700,9,192.168.88.253,43544,169,,congestion_avoidance,
955,131125.744863,95800,9,192.168.88.253,43544,190,,congestion_avoidance,
956,131125.748909,95900,9,192.168.88.253,43544,183,,congestion_avoidance,
957,131125.753098,96000,9,192.168.88.253,43544,229,,congestion_avoidance,
958,131125.757495,96100,9,192.168.88.253,43544,217,,congestion_avoidance,
959,131125.761612,96200,9,192.168.88.253,43544,196,,congestion_avoidance,
960,131125.765730,96300,9,192.168.88.253,43544,198,,congestion_avoidance,
961,131125.770120,96400,9,192.168.88.253,43544,182,,congestion_avoidance,
962,131125.774360,96500,9,192.168.88.253,43544,223,,congestion_avoidance,
963,131125.778996,96600,9,192.168.88.253,43544,208,,congestion_avoidance,
964,131125.783260,96700,9,192.168.88.253,43544,243,,congestion_avoidance,
965,131125.787572,96800,9,192.168.88.253,43544,170,,congestion_avoidance,
966,131125.791841,96900,9,192.168.88.253,43544,187,,congestion_avoidance,
967,131125.796608,97000,9,192.168.88.253,43544,211,,congestion_avoidance,
968,131125.801065,97100,9,192.168.88.253,43544,199,,congestion_avoidance,
969,131125.805544,97200,9,192.168.88.253,43544,204,,congestion_avoidance,
970,131125.810102,97300,9,192.168.88.253,43544,168,,congestion_avoidance,
971,131125.814532,97400,9,192.168.88.253,43544,208,,congestion_avoidance,
972,131125.819212,97500,9,192.168.88.253,43544,200,,congestion_avoidance,
973,131125.823799,97600,9,192.168.88.253,43544,222,,congestion_avoidance,
974,131125.828373,97700,9,192.168.88.253,43544,155,,congestion_avoidance,
975,131125.833161,97800,9,192.168.88.253,43544,211,,congestion_avoidance,
976,131125.837476,97900,9,192.168.88.253,43544,171,,congestion_avoidance,
977,131125.841865,98000,9,192.168.88.253,43544,213,,congestion_avoidance,
978,131125.846130,98100,9,192.168.88.253,43544,223,,congestion_avoidance,
979,131125.850528,98200,9,192.168.88.253,43544,192,,congestion_avoidance,
980,131125.854941,98300,9,192.168.88.253,43544,161,,congestion_avoidance,
981,131125.858945,98400,9,192.168.88.253,43544,170,,congestion_avoidance,
982,131125.863070,98500,9,192.168.88.253,43544,188,,congestion_avoidance,
983,131125.867729,98600,9,192.168.88.253,43544,169,,congestion_avoidance,
984,131125.872109,98700,9,192.168.88.253,43544,213,,congestion_avoidance,
985,131125.876690,98800,9,192.168.88.253,43544,193,,congestion_avoidance,
986,131125.881438,98900,9,192.168.88.253,43544,207,,congestion_avoidance,
987,131125.885748,99000,9,192.168.88.253,43544,191,,congestion_avoidance,
988,131125.890558,99100,9,192.168.88.253,43544,158,,congestion_avoidance,
989,131125.894958,99200,9,192.168.88.253,43544,191,,congestion_avoidance,
990,131125.899486,99300,9,192.168.88.253,43544,169,,congestion_avoidance,
991,131125.903588,99400,9,192.168.88.253,43544,196,,congestion_avoidance,
992,131125.907722,99500,9,192.168.88.253,43544,199,,congestion_avoidance,
993,131125.911748,99600,9,192.168.88.253,43544,201,,congestion_avoidance,
994,131125.915827,99700,9,192.168.88.253,43544,223,,congestion_avoidance,
995,131125.920203,99800,9,192.168.88.253,43544,152,,congestion_avoidance,
996,131125.924395,99900,9,192.168.88.253,43544,204,,congestion_avoidance,
997,131125.928453,100000,9,192.168.88.253,43544,187,,congestion_avoidance,
998,131125.932535,100100,9,192.168.88.253,43544,200,,congestion_avoidance,
999,131125.936670,100200,9,192.168.88.253,43544,171,,congestion_avoidance,
1000,131125.940761,100300,9,192.168.88.253,43544,185,,congestion_avoidance,
1001,131125.944855,100400,9,192.168.88.253,43544,188,,congestion_avoidance,
1002,131125.948894,100500,9,192.168.88.253,43544,186,,congestion_avoidance,
1003,131125.952968,100600,9,192.168.88.253,43544,187,,congestion_avoidance,
1004,131125.957037,100700,9,192.168.88.253,43544,189,,congestion_avoidance,
1005,131125.961280,100800,9,192.168.88.253,43544,207,,congestion_avoidance,
1006,131125.965367,100900,9,192.168.88.253,43544,228,,congestion_avoidance,
1007,131125.969449,101000,9,192.168.88.253,43544,210,,congestion_avoidance,
1008,131125.973634,101100,9,192.168.88.253,43544,210,,congestion_avoidance,
1009,131125.977711,101200,9,192.168.88.253,43544,193,,congestion_avoidance,
1010,131125.981893,101300,9,192.168.88.253,43544,166,,congestion_avoidance,
1011,131125.986012,101400,9,192.168.88.253,43544,168,,congestion_avoidance,
1012,131125.990130,101500,9,192.168.88.253,43544,191,,congestion_avoidance,
1013,131125.994167,101600,9,192.168.88.253,43544,206,,congestion_avoidance,
1014,131125.998248,101700,9,192.168.88.253,43544,170,,congestion_avoidance,
1015,131126.002285,101800,9,192.168.88.253,43544,182,,congestion_avoidance,
1016,131126.006363,101900,9,192.168.88.253,43544,189,,congestion_avoidance,
1017,131126.010480,102000,9,192.168.88.253,43544,186,,congestion_avoidance,
1018,131126.014624,102100,9,192.168.88.253,43544,168,,congestion_avoidance,
1019,131126.018714,102200,9,192.168.88.253,43544,187,,congestion_avoidance,
1020,131126.023170,102300,9,192.168.88.253,43544,205,,congestion_avoidance,
1021,131126.027589,102400,9,192.168.88.253,43544,170,,congestion_avoidance,
1022,131126.031809,102500,9,192.168.88.253,43544,217,,congestion_avoidance,
1023,131126.035944,102600,9,192.168.88.253,43544,202,,congestion_avoidance,
1024,131126.044556,102800,9,192.168.88.253,43544,204,,congestion_avoidance,
1025,131126.048633,102900,9,192.168.88.253,43544,186,,congestion_avoidance,
1026,131126.052733,103000,9,192.168.88.253,43544,171,,congestion_avoidance,
1027,131126.057945,103100,9,192.168.88.253,43544,167,,congestion_avoidance,
1028,131126.063214,103200,9,192.168.88.253,43544,201,,congestion_avoidance,
1029,131126.068381,103300,9,192.168.88.253,43544,192,,congestion_avoidance,
1030,131126.073610,103400,9,192.168.88.253,43544,169,,congestion_avoidance,
1031,131126.078705,103500,9,192.168.88.253,43544,169,,congestion_avoidance,
1032,131126.083877,103600,9,192.168.88.253,43544,205,,congestion_avoidance,
1033,131126.089334,103700,9,192.168.88.253,43544,161,,congestion_avoidance,
1034,131126.094705,103800,9,192.168.88.253,43544,213,,congestion_avoidance,
1035,131126.099850,103900,9,192.168.88.253,43544,207,,congestion_avoidance,
1036,131126.105298,104000,9,192.168.88.253,43544,175,,congestion_avoidance,
1037,131126.110552,104100,9,192.168.88.253,43544,169,,congestion_avoidance,
1038,131126.115933,104200,9,192.168.88.253,43544,231,,congestion_avoidance,
1039,131126.121304,104300,9,192.168.88.253,43544,211,,congestion_avoidance,
1040,131126.126660,104400,9,192.168.88.253,43544,169,,congestion_avoidance,
1041,131126.131888,104500,9,192.168.88.253,43544,194,,congestion_avoidance,
1042,131126.137077,104600,9,192.168.88.253,43544,191,,congestion_avoidance,
1043,131126.142327,104700,9,192.168.88.253,43544,237,,congestion_avoidance,
1044,131126.147687,104800,9,192.168.88.253,43544,190,,congestion_avoidance,
1045,131126.152773,104900,9,192.168.88.253,43544,193,,congestion_avoidance,
1046,131126.158081,105000,9,192.168.88.253,43544,169,,congestion_avoidance,
1047,131126.162981,105100,9,192.168.88.253,43544,210,,congestion_avoidance,
1048,131126.167188,105200,9,192.168.88.253,43544,184,,congestion_avoidance,
1049,131126.171295,105300,9,192.168.88.253,43544,179,,congestion_avoidance,
1050,131126.175722,105400,9,192.168.88.253,43544,173,,congestion_avoidance,
1051,131126.180193,105500,9,192.168.88.253,43544,189,,congestion_avoidance,
1052,131126.184645,105600,9,192.168.88.253,43544,207,,congestion_avoidance,
1053,131126.189140,105700,9,192.168.88.253,43544,196,,congestion_avoidance,
1054,131126.193577,105800,9,192.168.88.253,43544,178,,congestion_avoidance,
1055,131126.198148,105900,9,192.168.88.253,43544,213,,congestion_avoidance,
1056,131126.202601,106000,9,192.168.88.253,43544,189,,congestion_avoidance,
1057,131126.207010,106100,9,192.168.88.253,43544,183,,congestion_avoidance,
1058,131126.211484,106200,9,192.168.88.253,43544,204,,congestion_avoidance,
1059,131126.215597,106300,9,192.168.88.253,43544,268,,congestion_avoidance,
1060,131126.220307,106400,9,192.168.88.253,43544,191,,congestion_avoidance,
1061,131126.224528,106500,9,192.168.88.253,43544,169,,congestion_avoidance,
1062,131126.228595,106600,9,192.168.88.253,43544,208,,congestion_avoidance,
1063,131126.233067,106700,9,192.168.88.253,43544,196,,congestion_avoidance,
1064,131126.237507,106800,9,192.168.88.253,43544,187,,congestion_avoidance,
1065,131126.242038,106900,9,192.168.88.253,43544,188,,congestion_avoidance,
1066,131126.246414,107000,9,192.168.88.253,43544,206,,congestion_avoidance,
1067,131126.250840,107100,9,192.168.88.253,43544,176,,congestion_avoidance,
1068,131126.255295,107200,9,192.168.88.253,43544,172,,congestion_avoidance,
1069,131126.259699,107300,9,192.168.88.253,43544,199,,congestion_avoidance,
1070,131126.264073,107400,9,192.168.88.253,43544,204,,congestion_avoidance,
1071,131126.268528,107500,9,192.168.88.253,43544,202,,congestion_avoidance,
1072,131126.272983,107600,9,192.168.88.253,43544,153,,congestion_avoidance,
1073,131126.277141,107700,9,192.168.88.253,43544,168,,congestion_avoidance,
1074,131126.281521,107800,9,192.168.88.253,43544,189,,congestion_avoidance,
1075,131126.285957,107900,9,192.168.88.253,43544,166,,congestion_avoidance,
1076,131126.290394,108000,9,192.168.88.253,43544,172,,congestion_avoidance,
1077,131126.294774,108100,9,192.168.88.253,43544,190,,congestion_avoidance,
1078,131126.298866,108200,9,192.168.88.253,43544,190,,congestion_avoidance,
1079,131126.303025,108300,9,192.168.88.253,43544,207,,congestion_avoidance,
1080,131126.307094,108400,9,192.168.88.253,43544,157,,congestion_avoidance,
1081,131126.311175,108500,9,192.168.88.253,43544,208,,congestion_avoidance,
1082,131126.315630,108600,9,192.168.88.253,43544,187,,congestion_avoidance,
1083,131126.320069,108700,9,192.168.88.253,43544,170,,congestion_avoidance,
1084,131126.324521,108800,9,192.168.88.253,43544,169,,congestion_avoidance,
1085,131126.328993,108900,9,192.168.88.253,43544,206,,congestion_avoidance,
1086,131126.333414,109000,9,192.168.88.253,43544,171,,congestion_avoidance,
1087,131126.337905,109100,9,192.168.88.253,43544,205,,congestion_avoidance,
1088,131126.342351,109200,9,192.168.88.253,43544,171,,congestion_avoidance,
1089,131126.346441,109300,9,192.168.88.253,43544,187,,congestion_avoidance,
1090,131126.350731,109400,9,192.168.88.253,43544,209,,congestion_avoidance,
1091,131126.354860,109500,9,192.168.88.253,43544,221,,congestion_avoidance,
1092,131126.359210,109600,9,192.168.88.253,43544,189,,congestion_avoidance,
1093,131126.363295,109700,9,192.168.88.253,43544,219,,congestion_avoidance,
1094,131126.367397,109800,9,192.168.88.253,43544,199,,congestion_avoidance,
1095,131126.371466,109900,9,192.168.88.253,43544,191,,congestion_avoidance,
1096,131126.375536,110000,9,192.168.88.253,43544,188,,congestion_avoidance,
1097,131126.379603,110100,9,192.168.88.253,43544,229,,congestion_avoidance,
1098,131126.383710,110200,9,192.168.88.253,43544,171,,congestion_avoidance,
1099,131126.387874,110300,9,192.168.88.253,43544,230,,congestion_avoidance,
1100,131126.392302,110400,9,192.168.88.253,43544,170,,congestion_avoidance,
1101,131126.396321,110500,9,192.168.88.253,43544,135,,congestion_avoidance,
1102,131126.400462,110600,9,192.168.88.253,43544,191,,congestion_avoidance,
1103,131126.404908,110700,9,192.168.88.253,43544,179,,congestion_avoidance,
1104,131126.409408,110800,9,192.168.88.253,43544,172,,congestion_avoidance,
1105,131126.413499,110900,9,192.168.88.253,43544,193,,congestion_avoidance,
1106,131126.417844,111000,9,192.168.88.253,43544,220,,congestion_avoidance,
1107,131126.421975,111100,9,192.168.88.253,43544,191,,congestion_avoidance,
1108,131126.426104,111200,9,192.168.88.253,43544,202,,congestion_avoidance,
1109,131126.430525,111300,9,192.168.88.253,43544,170,,congestion_avoidance,
1110,131126.434962,111400,9,192.168.88.253,43544,169,,congestion_avoidance,
1111,131126.439416,111500,9,192.168.88.253,43544,169,,congestion_avoidance,
1112,131126.443962,111600,9,192.168.88.253,43544,175,,congestion_avoidance,
1113,131126.448412,111700,9,192.168.88.253,43544,179,,congestion_avoidance,
1114,131126.459638,111800,9,192.168.88.253,43544,115,,congestion_avoidance,
1115,131126.468116,111900,9,192.168.88.253,43544,161,,congestion_avoidance,
1116,131126.472346,112000,9,192.168.88.253,43544,174,,congestion_avoidance,
1117,131126.476903,112100,9,192.168.88.253,43544,208,,congestion_avoidance,
1118,131126.481336,112200,9,192.168.88.253,43544,172,,congestion_avoidance,
1119,131126.485974,112300,9,192.168.88.253,43544,195,,congestion_avoidance,
1120,131126.491119,112400,9,192.168.88.253,43544,169,,congestion_avoidance,
1121,131126.495222,112500,9,192.168.88.253,43544,217,,congestion_avoidance,
1122,131126.499815,112600,9,192.168.88.253,43544,230,,congestion_avoidance,
1123,131126.504631,112700,9,192.168.88.253,43544,203,,congestion_avoidance,
1124,131126.509051,112800,9,192.168.88.253,43544,167,,congestion_avoidance,
1125,131126.513547,112900,9,192.168.88.253,43544,158,,congestion_avoidance,
1126,131126.518476,113000,9,192.168.88.253,43544,170,,congestion_avoidance,
1127,131126.523319,113100,9,192.168.88.253,43544,167,,congestion_avoidance,
1128,131126.527491,113200,9,192.168.88.253,43544,231,,congestion_avoidance,
1129,131126.531919,113300,9,192.168.88.253,43544,154,,congestion_avoidance,
1130,131126.535981,113400,9,192.168.88.253,43544,205,,congestion_avoidance,
1131,131126.540447,113500,9,192.168.88.253,43544,206,,congestion_avoidance,
1132,131126.544546,113600,9,192.168.88.253,43544,176,,congestion_avoidance,
1133,131126.548888,113700,9,192.168.88.253,43544,137,,congestion_avoidance,
1134,131126.553699,113800,9,192.168.88.253,43544,173,,congestion_avoidance,
1135,131126.558165,113900,9,192.168.88.253,43544,203,,congestion_avoidance,
1136,131126.562632,114000,9,192.168.88.253,43544,167,,congestion_avoidance,
1137,131126.567113,114100,9,192.168.88.253,43544,191,,congestion_avoidance,
1138,131126.572465,114200,9,192.168.88.253,43544,160,,congestion_avoidance,
1139,131126.577844,114300,9,192.168.88.253,43544,154,,congestion_avoidance,
1140,131126.583073,114400,9,192.168.88.253,43544,195,,congestion_avoidance,
1141,131126.588359,114500,9,192.168.88.253,43544,204,,congestion_avoidance,
1142,131126.593884,114600,9,192.168.88.253,43544,216,,congestion_avoidance,
1143,131126.599283,114700,9,192.168.88.253,43544,188,,congestion_avoidance,
1144,131126.604767,114800,9,192.168.88.253,43544,174,,congestion_avoidance,
1145,131126.610183,114900,9,192.168.88.253,43544,207,,congestion_avoidance,
1146,131126.615921,115000,9,192.168.88.253,43544,196,,congestion_avoidance,
1147,131126.621469,115100,9,192.168.88.253,43544,201,,congestion_avoidance,
1148,131126.626632,115200,9,192.168.88.253,43544,169,,congestion_avoidance,
1149,131126.631892,115300,9,192.168.88.253,43544,170,,congestion_avoidance,
1150,131126.637018,115400,9,192.168.88.253,43544,185,,congestion_avoidance,
1151,131126.642205,115500,9,192.168.88.253,43544,208,,congestion_avoidance,
1152,131126.647409,115600,9,192.168.88.253,43544,205,,congestion_avoidance,
1153,131126.652826,115700,9,192.168.88.253,43544,197,,congestion_avoidance,
1154,131126.657747,115800,9,192.168.88.253,43544,217,,congestion_avoidance,
1155,131126.661882,115900,9,192.168.88.253,43544,216,,congestion_avoidance,
1156,131126.665712,116000,9,192.168.88.253,43544,212,,congestion_avoidance,
1157,131126.670164,116100,9,192.168.88.253,43544,163,,congestion_avoidance,
1158,131126.674539,116200,9,192.168.88.253,43544,182,,congestion_avoidance,
1159,131126.678973,116300,9,192.168.88.253,43544,163,,congestion_avoidance,
1160,131126.683099,116400,9,192.168.88.253,43544,207,,congestion_avoidance,
1161,131126.687244,116500,9,192.168.88.253,43544,212,,congestion_avoidance,
1162,131126.691559,116600,9,192.168.88.253,43544,172,,congestion_avoidance,
1163,131126.695626,116700,9,192.168.88.253,43544,169,,congestion_avoidance,
1164,131126.699722,116800,9,192.168.88.253,43544,174,,congestion_avoidance,
1165,131126.703806,116900,9,192.168.88.253,43544,198,,congestion_avoidance,
1166,131126.707905,117000,9,192.168.88.253,43544,190,,congestion_avoidance,
1167,131126.711941,117100,9,192.168.88.253,43544,182,,congestion_avoidance,
1168,131126.716046,117200,9,192.168.88.253,43544,170,,congestion_avoidance,
1169,131126.720211,117300,9,192.168.88.253,43544,207,,congestion_avoidance,
1170,131126.724163,117400,9,192.168.88.253,43544,171,,congestion_avoidance,
1171,131126.728279,117500,9,192.168.88.253,43544,170,,congestion_avoidance,
1172,131126.732317,117600,9,192.168.88.253,43544,185,,congestion_avoidance,
1173,131126.736405,117700,9,192.168.88.253,43544,204,,congestion_avoidance,
1174,131126.740535,117800,9,192.168.88.253,43544,207,,congestion_avoidance,
1175,131126.745016,117900,9,192.168.88.253,43544,204,,congestion_avoidance,
1176,131126.749094,118000,9,192.168.88.253,43544,174,,congestion_avoidance,
1177,131126.753207,118100,9,192.168.88.253,43544,172,,congestion_avoidance,
1178,131126.757298,118200,9,192.168.88.253,43544,193,,congestion_avoidance,
1179,131126.761927,118300,9,192.168.88.253,43544,168,,congestion_avoidance,
1180,131126.765959,118400,9,192.168.88.253,43544,179,,congestion_avoidance,
1181,131126.770066,118500,9,192.168.88.253,43544,170,,congestion_avoidance,
1182,131126.774256,118600,9,192.168.88.253,43544,141,,congestion_avoidance,
1183,131126.778762,118700,9,192.168.88.253,43544,192,,congestion_avoidance,
1184,131126.783183,118800,9,192.168.88.253,43544,205,,congestion_avoidance,
1185,131126.787312,118900,9,192.168.88.253,43544,160,,congestion_avoidance,
1186,131126.791361,119000,9,192.168.88.253,43544,200,,congestion_avoidance,
1187,131126.795607,119100,9,192.168.88.253,43544,175,,congestion_avoidance,
1188,131126.799710,119200,9,192.168.88.253,43544,209,,congestion_avoidance,
1189,131126.803765,119300,9,192.168.88.253,43544,196,,congestion_avoidance,
1190,131126.807827,119400,9,192.168.88.253,43544,188,,congestion_avoidance,
1191,131126.812262,119500,9,192.168.88.253,43544,169,,congestion_avoidance,
1192,131126.816722,119600,9,192.168.88.253,43544,194,,congestion_avoidance,
1193,131126.821334,119700,9,192.168.88.253,43544,201,,congestion_avoidance,
1194,131126.825457,119800,9,192.168.88.253,43544,200,,congestion_avoidance,
1195,131126.830260,119900,9,192.168.88.253,43544,163,,congestion_avoidance,
1196,131126.835610,120000,9,192.168.88.253,43544,217,,congestion_avoidance,
1197,131126.841019,120100,9,192.168.88.253,43544,172,,congestion_avoidance,
1198,131126.846313,120200,9,192.168.88.253,43544,194,,congestion_avoidance,
1199,131126.851780,120300,9,192.168.88.253,43544,219,,congestion_avoidance,
1200,131126.857040,120400,9,192.168.88.253,43544,163,,congestion_avoidance,
1201,131126.862260,120500,9,192.168.88.253,43544,216,,congestion_avoidance,
1202,131126.867593,120600,9,192.168.88.253,43544,171,,congestion_avoidance,
1203,131126.872723,120700,9,192.168.88.253,43544,179,,congestion_avoidance,
1204,131126.878077,120800,9,192.168.88.253,43544,165,,congestion_avoidance,
1205,131126.883287,120900,9,192.168.88.253,43544,200,,congestion_avoidance,
1206,131126.888464,121000,9,192.168.88.253,43544,240,,congestion_avoidance,
1207,131126.893773,121100,9,192.168.88.253,43544,189,,congestion_avoidance,
1208,131126.899152,121200,9,192.168.88.253,43544,237,,congestion_avoidance,
1209,131126.904155,121300,9,192.168.88.253,43544,230,,congestion_avoidance,
1210,131126.909545,121400,9,192.168.88.253,43544,168,,congestion_avoidance,
1211,131126.914827,121500,9,192.168.88.253,43544,192,,congestion_avoidance,
1212,131126.920082,121600,9,192.168.88.253,43544,193,,congestion_avoidance,
1213,131126.925413,121700,9,192.168.88.253,43544,218,,congestion_avoidance,
1214,131126.930535,121800,9,192.168.88.253,43544,187,,congestion_avoidance,
1215,131126.935734,121900,9,192.168.88.253,43544,169,,congestion_avoidance,
1216,131126.940964,122000,9,192.168.88.253,43544,190,,congestion_avoidance,
1217,131126.946332,122100,9,192.168.88.253,43544,220,,congestion_avoidance,
1218,131126.951672,122200,9,192.168.88.253,43544,155,,congestion_avoidance,
1219,131126.957124,122300,9,192.168.88.253,43544,219,,congestion_avoidance,
1220,131126.962232,122400,9,192.168.88.253,43544,171,,congestion_avoidance,
1221,131126.967387,122500,9,192.168.88.253,43544,212,,congestion_avoidance,
1222,131126.972878,122600,9,192.168.88.253,43544,179,,congestion_avoidance,
1223,131126.978175,122700,9,192.168.88.253,43544,155,,congestion_avoidance,
1224,131126.983611,122800,9,192.168.88.253,43544,205,,congestion_avoidance,
1225,131126.989018,122900,9,192.168.88.253,43544,209,,congestion_avoidance,
1226,131126.994428,123000,9,192.168.88.253,43544,161,,congestion_avoidance,
1227,131126.999693,123100,9,192.168.88.253,43544,175,,congestion_avoidance,
1228,131127.004852,123200,9,192.168.88.253,43544,241,,congestion_avoidance,
1229,131127.009937,123300,9,192.168.88.253,43544,203,,congestion_avoidance,
1230,131127.014996,123400,9,192.168.88.253,43544,188,,congestion_avoidance,
1231,131127.020162,123500,9,192.168.88.253,43544,167,,congestion_avoidance,
1232,131127.025412,123600,9,192.168.88.253,43544,214,,congestion_avoidance,
1233,131127.030502,123700,9,192.168.88.253,43544,188,,congestion_avoidance,
1234,131127.036068,123800,9,192.168.88.253,43544,186,,congestion_avoidance,
1235,131127.041367,123900,9,192.168.88.253,43544,207,,congestion_avoidance,
1236,131127.046679,124000,9,192.168.88.253,43544,211,,congestion_avoidance,
1237,131127.057300,124200,9,192.168.88.253,43544,232,,congestion_avoidance,
1238,131127.062322,124300,9,192.168.88.253,43544,150,,congestion_avoidance,
1239,131127.067613,124400,9,192.168.88.253,43544,217,,congestion_avoidance,
1240,131127.072967,124500,9,192.168.88.253,43544,156,,congestion_avoidance,
1241,131127.078067,124600,9,192.168.88.253,43544,177,,congestion_avoidance,
1242,131127.083607,124700,9,192.168.88.253,43544,138,,congestion_avoidance,
1243,131127.088892,124800,9,192.168.88.253,43544,180,,congestion_avoidance,
1244,131127.094326,124900,9,192.168.88.253,43544,236,,congestion_avoidance,
1245,131127.099596,125000,9,192.168.88.253,43544,200,,congestion_avoidance,
1246,131127.105089,125100,9,192.168.88.253,43544,193,,congestion_avoidance,
1247,131127.110612,125200,9,192.168.88.253,43544,180,,congestion_avoidance,
1248,131127.116178,125300,9,192.168.88.253,43544,166,,congestion_avoidance,
1249,131127.121389,125400,9,192.168.88.253,43544,215,,congestion_avoidance,
1250,131127.126737,125500,9,192.168.88.253,43544,195,,congestion_avoidance,
1251,131127.132340,125600,9,192.168.88.253,43544,193,,congestion_avoidance,
1252,131127.137814,125700,9,192.168.88.253,43544,240,,congestion_avoidance,
1253,131127.143188,125800,9,192.168.88.253,43544,169,,congestion_avoidance,
1254,131127.148551,125900,9,192.168.88.253,43544,225,,congestion_avoidance,
1255,131127.153586,126000,9,192.168.88.253,43544,220,,congestion_avoidance,
1256,131127.157682,126100,9,192.168.88.253,43544,172,,congestion_avoidance,
1257,131127.161989,126200,9,192.168.88.253,43544,164,,congestion_avoidance,
1258,131127.165991,126300,9,192.168.88.253,43544,214,,congestion_avoidance,
1259,131127.170636,126400,9,192.168.88.253,43544,203,,congestion_avoidance,
1260,131127.174563,126500,9,192.168.88.253,43544,211,,congestion_avoidance,
1261,131127.178702,126600,9,192.168.88.253,43544,209,,congestion_avoidance,
1262,131127.183704,126700,9,192.168.88.253,43544,176,,congestion_avoidance,
1263,131127.189018,126800,9,192.168.88.253,43544,200,,congestion_avoidance,
1264,131127.194253,126900,9,192.168.88.253,43544,166,,congestion_avoidance,
1265,131127.199619,127000,9,192.168.88.253,43544,211,,congestion_avoidance,
1266,131127.204827,127100,9,192.168.88.253,43544,180,,congestion_avoidance,
1267,131127.209786,127200,9,192.168.88.253,43544,221,,congestion_avoidance,
1268,131127.214936,127300,9,192.168.88.253,43544,209,,congestion_avoidance,
1269,131127.220119,127400,9,192.168.88.253,43544,173,,congestion_avoidance,
1270,131127.225529,127500,9,192.168.88.253,43544,177,,congestion_avoidance,
1271,131127.230905,127600,9,192.168.88.253,43544,216,,congestion_avoidance,
1272,131127.236016,127700,9,192.168.88.253,43544,232,,congestion_avoidance,
1273,131127.241296,127800,9,192.168.88.253,43544,190,,congestion_avoidance,
1274,131127.246381,127900,9,192.168.88.253,43544,165,,congestion_avoidance,
1275,131127.251813,128000,9,192.168.88.253,43544,215,,congestion_avoidance,
1276,131127.257060,128100,9,192.168.88.253,43544,207,,congestion_avoidance,
1277,131127.262407,128200,9,192.168.88.253,43544,161,,congestion_avoidance,
1278,131127.267645,128300,9,192.168.88.253,43544,204,,congestion_avoidance,
1279,131127.272958,128400,9,192.168.88.253,43544,186,,congestion_avoidance,
1280,131127.278509,128500,9,192.168.88.253,43544,194,,congestion_avoidance,
1281,131127.284251,128600,9,192.168.88.253,43544,159,,congestion_avoidance,
1282,131127.289659,128700,9,192.168.88.253,43544,204,,congestion_avoidance,
1283,131127.295407,128800,9,192.168.88.253,43544,209,,congestion_avoidance,
1284,131127.301009,128900,9,192.168.88.253,43544,167,,congestion_avoidance,
1285,131127.306782,129000,9,192.168.88.253,43544,176,,congestion_avoidance,
1286,131127.312849,129100,9,192.168.88.253,43544,198,,congestion_avoidance,
1287,131127.318575,129200,9,192.168.88.253,43544,192,,congestion_avoidance,
1288,131127.324110,129300,9,192.168.88.253,43544,208,,congestion_avoidance,
1289,131127.329787,129400,9,192.168.88.253,43544,216,,congestion_avoidance,
1290,131127.335260,129500,9,192.168.88.253,43544,199,,congestion_avoidance,
1291,131127.340793,129600,9,192.168.88.253,43544,214,,congestion_avoidance,
1292,131127.346201,129700,9,192.168.88.253,43544,201,,congestion_avoidance,
1293,131127.351954,129800,9,192.168.88.253,43544,178,,congestion_avoidance,
1294,131127.357431,129900,9,192.168.88.253,43544,150,,congestion_avoidance,
1295,131127.362723,130000,9,192.168.88.253,43544,224,,congestion_avoidance,
1296,131127.368013,130100,9,192.168.88.253,43544,218,,congestion_avoidance,
1297,131127.373167,130200,9,192.168.88.253,43544,213,,congestion_avoidance,
1298,131127.378603,130300,9,192.168.88.253,43544,173,,congestion_avoidance,
1299,131127.383961,130400,9,192.168.88.253,43544,253,,congestion_avoidance,
1300,131127.389229,130500,9,192.168.88.253,43544,214,,congestion_avoidance,
1301,131127.394274,130600,9,192.168.88.253,43544,172,,congestion_avoidance,
1302,131127.399575,130700,9,192.168.88.253,43544,216,,congestion_avoidance,
1303,131127.405220,130800,9,192.168.88.253,43544,228,,congestion_avoidance,
1304,131127.410718,130900,9,192.168.88.253,43544,182,,congestion_avoidance,
1305,131127.415946,131000,9,192.168.88.253,43544,201,,congestion_avoidance,
1306,131127.421349,131100,9,192.168.88.253,43544,139,,congestion_avoidance,
1307,131127.426706,131200,9,192.168.88.253,43544,171,,congestion_avoidance,
1308,131127.431906,131300,9,192.168.88.253,43544,195,,congestion_avoidance,
1309,131127.437249,131400,9,192.168.88.253,43544,174,,congestion_avoidance,
1310,131127.442821,131500,9,192.168.88.253,43544,150,,congestion_avoidance,
1311,131127.448241,131600,9,192.168.88.253,43544,165,,congestion_avoidance,
1312,131127.453360,131700,9,192.168.88.253,43544,174,,congestion_avoidance,
1313,131127.458401,131800,9,192.168.88.253,43544,200,,congestion_avoidance,
1314,131127.463755,131900,9,192.168.88.253,43544,178,,congestion_avoidance,
1315,131127.469624,132000,9,192.168.88.253,43544,170,,congestion_avoidance,
1316,131127.475248,132100,9,192.168.88.253,43544,164,,congestion_avoidance,
1317,131127.481115,132200,9,192.168.88.253,43544,159,,congestion_avoidance,
1318,131127.486332,132300,9,192.168.88.253,43544,198,,congestion_avoidance,
1319,131127.491683,132400,9,192.168.88.253,43544,158,,congestion_avoidance,
1320,131127.496932,132500,9,192.168.88.253,43544,218,,congestion_avoidance,
1321,131127.502073,132600,9,192.168.88.253,43544,198,,congestion_avoidance,
1322,131127.507952,132700,9,192.168.88.253,43544,155,,congestion_avoidance,
1323,131127.513281,132800,9,192.168.88.253,43544,164,,congestion_avoidance,
1324,131127.518420,132900,9,192.168.88.253,43544,187,,congestion_avoidance,
1325,131127.523974,133000,9,192.168.88.253,43544,216,,congestion_avoidance,
1326,131127.529297,133100,9,192.168.88.253,43544,178,,congestion_avoidance,
1327,131127.534823,133200,9,192.168.88.253,43544,189,,congestion_avoidance,
1328,131127.539838,133300,9,192.168.88.253,43544,212,,congestion_avoidance,
1329,131127.545201,133400,9,192.168.88.253,43544,142,,congestion_avoidance,
1330,131127.550383,133500,9,192.168.88.253,43544,174,,congestion_avoidance,
1331,131127.555706,133600,9,192.168.88.253,43544,172,,congestion_avoidance,
1332,131127.561180,133700,9,192.168.88.253,43544,188,,congestion_avoidance,
1333,131127.566821,133800,9,192.168.88.253,43544,164,,congestion_avoidance,
1334,131127.571746,133900,9,192.168.88.253,43544,178,,congestion_avoidance,
1335,131127.576877,134000,9,192.168.88.253,43544,184,,congestion_avoidance,
1336,131127.582238,134100,9,192.168.88.253,43544,173,,congestion_avoidance,
1337,131127.587567,134200,9,192.168.88.253,43544,204,,congestion_avoidance,
1338,131127.593034,134300,9,192.168.88.253,43544,156,,congestion_avoidance,
1339,131127.598125,134400,9,192.168.88.253,43544,206,,congestion_avoidance,
1340,131127.603560,134500,9,192.168.88.253,43544,214,,congestion_avoidance,
1341,131127.609030,134600,9,192.168.88.253,43544,179,,congestion_avoidance,
1342,131127.614269,134700,9,192.168.88.253,43544,225,,congestion_avoidance,
1343,131127.619449,134800,9,192.168.88.253,43544,178,,congestion_avoidance,
1344,131127.624544,134900,9,192.168.88.253,43544,212,,congestion_avoidance,
1345,131127.629878,135000,9,192.168.88.253,43544,188,,congestion_avoidance,
1346,131127.635314,135100,9,192.168.88.253,43544,152,,congestion_avoidance,
1347,131127.640631,135200,9,192.168.88.253,43544,170,,congestion_avoidance,
1348,131127.645954,135300,9,192.168.88.253,43544,177,,congestion_avoidance,
1349,131127.651415,135400,9,192.168.88.253,43544,186,,congestion_avoidance,
1350,131127.656517,135500,9,192.168.88.253,43544,241,,congestion_avoidance,
1351,131127.661874,135600,9,192.168.88.253,43544,224,,congestion_avoidance,
1352,131127.667083,135700,9,192.168.88.253,43544,183,,congestion_avoidance,
1353,131127.672368,135800,9,192.168.88.253,43544,191,,congestion_avoidance,
1354,131127.678004,135900,9,192.168.88.253,43544,193,,congestion_avoidance,
1355,131127.683250,136000,9,192.168.88.253,43544,202,,congestion_avoidance,
1356,131127.688443,136100,9,192.168.88.253,43544,177,,congestion_avoidance,
1357,131127.693650,136200,9,192.168.88.253,43544,190,,congestion_avoidance,
1358,131127.698965,136300,9,192.168.88.253,43544,172,,congestion_avoidance,
1359,131127.704640,136400,9,192.168.88.253,43544,165,,congestion_avoidance,
1360,131127.710555,136500,9,192.168.88.253,43544,213,,congestion_avoidance,
1361,131127.716108,136600,9,192.168.88.253,43544,180,,congestion_avoidance,
1362,131127.721581,136700,9,192.168.88.253,43544,175,,congestion_avoidance,
1363,131127.726715,136800,9,192.168.88.253,43544,198,,congestion_avoidance,
1364,131127.732113,136900,9,192.168.88.253,43544,172,,congestion_avoidance,
1365,131127.737724,137000,9,192.168.88.253,43544,196,,congestion_avoidance,
1366,131127.743086,137100,9,192.168.88.253,43544,148,,congestion_avoidance,
1367,131127.748352,137200,9,192.168.88.253,43544,201,,congestion_avoidance,
1368,131127.753489,137300,9,192.168.88.253,43544,140,,congestion_avoidance,
1369,131127.758895,137400,9,192.168.88.253,43544,189,,congestion_avoidance,
1370,131127.763173,137500,9,192.168.88.253,43544,214,,congestion_avoidance,
1371,131127.767358,137600,9,192.168.88.253,43544,220,,congestion_avoidance,
1372,131127.771779,137700,9,192.168.88.253,43544,188,,congestion_avoidance,
1373,131127.776395,137800,9,192.168.88.253,43544,182,,congestion_avoidance,
1374,131127.780939,137900,9,192.168.88.253,43544,204,,congestion_avoidance,
1375,131127.784953,138000,9,192.168.88.253,43544,223,,congestion_avoidance,
1376,131127.789152,138100,9,192.168.88.253,43544,208,,congestion_avoidance,
1377,131127.793567,138200,9,192.168.88.253,43544,182,,congestion_avoidance,
1378,131127.797684,138300,9,192.168.88.253,43544,134,,congestion_avoidance,
1379,131127.802156,138400,9,192.168.88.253,43544,190,,congestion_avoidance,
1380,131127.806227,138500,9,192.168.88.253,43544,184,,congestion_avoidance,
1381,131127.810444,138600,9,192.168.88.253,43544,178,,congestion_avoidance,
1382,131127.814829,138700,9,192.168.88.253,43544,169,,congestion_avoidance,
1383,131127.819019,138800,9,192.168.88.253,43544,128,,congestion_avoidance,
1384,131127.823215,138900,9,192.168.88.253,43544,214,,congestion_avoidance,
1385,131127.827494,139000,9,192.168.88.253,43544,189,,congestion_avoidance,
1386,131127.831930,139100,9,192.168.88.253,43544,167,,congestion_avoidance,
1387,131127.836310,139200,9,192.168.88.253,43544,191,,congestion_avoidance,
1388,131127.840427,139300,9,192.168.88.253,43544,228,,congestion_avoidance,
1389,131127.844913,139400,9,192.168.88.253,43544,161,,congestion_avoidance,
1390,131127.848990,139500,9,192.168.88.253,43544,193,,congestion_avoidance,
1391,131127.853440,139600,9,192.168.88.253,43544,176,,congestion_avoidance,
1392,131127.857929,139700,9,192.168.88.253,43544,140,,congestion_avoidance,
1393,131127.862416,139800,9,192.168.88.253,43544,212,,congestion_avoidance,
1394,131127.866544,139900,9,192.168.88.253,43544,191,,congestion_avoidance,
1395,131127.870617,140000,9,192.168.88.253,43544,211,,congestion_avoidance,
1396,131127.874733,140100,9,192.168.88.253,43544,187,,congestion_avoidance,
1397,131127.878877,140200,9,192.168.88.253,43544,199,,congestion_avoidance,
1398,131127.883269,140300,9,192.168.88.253,43544,204,,congestion_avoidance,
1399,131127.887446,140400,9,192.168.88.253,43544,215,,congestion_avoidance,
1400,131127.891860,140500,9,192.168.88.253,43544,210,,congestion_avoidance,
1401,131127.896123,140600,9,192.168.88.253,43544,207,,congestion_avoidance,
1402,131127.900260,140700,9,192.168.88.253,43544,202,,congestion_avoidance,
1403,131127.904655,140800,9,192.168.88.253,43544,197,,congestion_avoidance,
1404,131127.908719,140900,9,192.168.88.253,43544,210,,congestion_avoidance,
1405,131127.913147,141000,9,192.168.88.253,43544,186,,congestion_avoidance,
1406,131127.917365,141100,9,192.168.88.253,43544,209,,congestion_avoidance,
1407,131127.921486,141200,9,192.168.88.253,43544,210,,congestion_avoidance,
1408,131127.925652,141300,9,192.168.88.253,43544,210,,congestion_avoidance,
1409,131127.929771,141400,9,192.168.88.253,43544,200,,congestion_avoidance,
1410,131127.933854,141500,9,192.168.88.253,43544,206,,congestion_avoidance,
1411,131127.937967,141600,9,192.168.88.253,43544,214,,congestion_avoidance,
1412,131127.942530,141700,9,192.168.88.253,43544,139,,congestion_avoidance,
1413,131127.947500,141800,9,192.168.88.253,43544,189,,congestion_avoidance,
1414,131127.952131,141900,9,192.168.88.253,43544,188,,congestion_avoidance,
1415,131127.956315,142000,9,192.168.88.253,43544,191,,congestion_avoidance,
1416,131127.960409,142100,9,192.168.88.253,43544,188,,congestion_avoidance,
1417,131127.964559,142200,9,192.168.88.253,43544,171,,congestion_avoidance,
1418,131127.968699,142300,9,192.168.88.253,43544,166,,congestion_avoidance,
1419,131127.972741,142400,9,192.168.88.253,43544,209,,congestion_avoidance,
1420,131127.977209,142500,9,192.168.88.253,43544,239,,congestion_avoidance,
1421,131127.981681,142600,9,192.168.88.253,43544,212,,congestion_avoidance,
1422,131127.985776,142700,9,192.168.88.253,43544,207,,congestion_avoidance,
1423,131127.989858,142800,9,192.168.88.253,43544,218,,congestion_avoidance,
1424,131127.993987,142900,9,192.168.88.253,43544,181,,congestion_avoidance,
1425,131127.998209,143000,9,192.168.88.253,43544,194,,congestion_avoidance,
1426,131128.002370,143100,9,192.168.88.253,43544,206,,congestion_avoidance,
1427,131128.006440,143200,9,192.168.88.253,43544,198,,congestion_avoidance,
1428,131128.010514,143300,9,192.168.88.253,43544,162,,congestion_avoidance,
1429,131128.014630,143400,9,192.168.88.253,43544,224,,congestion_avoidance,
1430,131128.018951,143500,9,192.168.88.253,43544,207,,congestion_avoidance,
1431,131128.022973,143600,9,192.168.88.253,43544,198,,congestion_avoidance,
1432,131128.027091,143700,9,192.168.88.253,43544,186,,congestion_avoidance,
1433,131128.031210,143800,9,192.168.88.253,43544,170,,congestion_avoidance,
1434,131128.035700,143900,9,192.168.88.253,43544,156,,congestion_avoidance,
1435,131128.040196,144000,9,192.168.88.253,43544,211,,congestion_avoidance,
1436,131128.044094,144100,9,192.168.88.253,43544,205,,congestion_avoidance,
1437,131128.048631,144200,9,192.168.88.253,43544,149,,congestion_avoidance,
1438,131128.052821,144300,9,192.168.88.253,43544,171,,congestion_avoidance,
1439,131128.056938,144400,9,192.168.88.253,43544,166,,congestion_avoidance,
1440,131128.061055,144500,9,192.168.88.253,43544,166,,congestion_avoidance,
1441,131128.065524,144600,9,192.168.88.253,43544,209,,congestion_avoidance,
1442,131128.069678,144700,9,192.168.88.253,43544,189,,congestion_avoidance,
1443,131128.077784,144900,9,192.168.88.253,43544,184,,congestion_avoidance,
1444,131128.081866,145000,9,192.168.88.253,43544,197,,congestion_avoidance,
1445,131128.085969,145100,9,192.168.88.253,43544,218,,congestion_avoidance,
1446,131128.090413,145200,9,192.168.88.253,43544,172,,congestion_avoidance,
1447,131128.094476,145300,9,192.168.88.253,43544,162,,congestion_avoidance,
1448,131128.098572,145400,9,192.168.88.253,43544,189,,congestion_avoidance,
1449,131128.102723,145500,9,192.168.88.253,43544,174,,congestion_avoidance,
1450,131128.107917,145600,9,192.168.88.253,43544,183,,congestion_avoidance,
1451,131128.113354,145700,9,192.168.88.253,43544,189,,congestion_avoidance,
1452,131128.118684,145800,9,192.168.88.253,43544,198,,congestion_avoidance,
1453,131128.123943,145900,9,192.168.88.253,43544,164,,congestion_avoidance,
1454,131128.129289,146000,9,192.168.88.253,43544,256,,congestion_avoidance,
1455,131128.134622,146100,9,192.168.88.253,43544,164,,congestion_avoidance,
1456,131128.140103,146200,9,192.168.88.253,43544,209,,congestion_avoidance,
1457,131128.145380,146300,9,192.168.88.253,43544,171,,congestion_avoidance,
1458,131128.150560,146400,9,192.168.88.253,43544,202,,congestion_avoidance,
1459,131128.155954,146500,9,192.168.88.253,43544,193,,congestion_avoidance,
1460,131128.161149,146600,9,192.168.88.253,43544,197,,congestion_avoidance,
1461,131128.166383,146700,9,192.168.88.253,43544,161,,congestion_avoidance,
1462,131128.171673,146800,9,192.168.88.253,43544,117,,congestion_avoidance,
1463,131128.177042,146900,9,192.168.88.253,43544,143,,congestion_avoidance,
1464,131128.181695,147000,9,192.168.88.253,43544,284,,congestion_avoidance,
1465,131128.186069,147100,9,192.168.88.253,43544,189,,congestion_avoidance,
1466,131128.190360,147200,9,192.168.88.253,43544,207,,congestion_avoidance,
1467,131128.194584,147300,9,192.168.88.253,43544,194,,congestion_avoidance,
1468,131128.198961,147400,9,192.168.88.253,43544,168,,congestion_avoidance,
1469,131128.203509,147500,9,192.168.88.253,43544,183,,congestion_avoidance,
1470,131128.207756,147600,9,192.168.88.253,43544,205,,congestion_avoidance,
1471,131128.212524,147700,9,192.168.88.253,43544,141,,congestion_avoidance,
1472,131128.217103,147800,9,192.168.88.253,43544,207,,congestion_avoidance,
1473,131128.221225,147900,9,192.168.88.253,43544,210,,congestion_avoidance,
1474,131128.225414,148000,9,192.168.88.253,43544,190,,congestion_avoidance,
1475,131128.229548,148100,9,192.168.88.253,43544,183,,congestion_avoidance,
1476,131128.234197,148200,9,192.168.88.253,43544,180,,congestion_avoidance,
1477,131128.238693,148300,9,192.168.88.253,43544,177,,congestion_avoidance,
1478,131128.242982,148400,9,192.168.88.253,43544,209,,congestion_avoidance,
1479,131128.247183,148500,9,192.168.88.253,43544,201,,congestion_avoidance,
1480,131128.251522,148600,9,192.168.88.253,43544,187,,congestion_avoidance,
1481,131128.255958,148700,9,192.168.88.253,43544,186,,congestion_avoidance,
1482,131128.260013,148800,9,192.168.88.253,43544,218,,congestion_avoidance,
1483,131128.264560,148900,9,192.168.88.253,43544,210,,congestion_avoidance,
1484,131128.268686,149000,9,192.168.88.253,43544,170,,congestion_avoidance,
1485,131128.272715,149100,9,192.168.88.253,43544,187,,congestion_avoidance,
1486,131128.277168,149200,9,192.168.88.253,43544,204,,congestion_avoidance,
1487,131128.281590,149300,9,192.168.88.253,43544,170,,congestion_avoidance,
1488,131128.285997,149400,9,192.168.88.253,43544,168,,congestion_avoidance,
1489,131128.290186,149500,9,192.168.88.253,43544,208,,congestion_avoidance,
1490,131128.294259,149600,9,192.168.88.253,43544,211,,congestion_avoidance,
1491,131128.298445,149700,9,192.168.88.253,43544,207,,congestion_avoidance,
1492,131128.302524,149800,9,192.168.88.253,43544,217,,congestion_avoidance,
1493,131128.306660,149900,9,192.168.88.253,43544,203,,congestion_avoidance,
1494,131128.310737,150000,9,192.168.88.253,43544,217,,congestion_avoidance,
1495,131128.314875,150100,9,192.168.88.253,43544,193,,congestion_avoidance,
1496,131128.319001,150200,9,192.168.88.253,43544,202,,congestion_avoidance,
1497,131128.323085,150300,9,192.168.88.253,43544,168,,congestion_avoidance,
1498,131128.327125,150400,9,192.168.88.253,43544,189,,congestion_avoidance,
1499,131128.331219,150500,9,192.168.88.253,43544,191,,congestion_avoidance,
1500,131128.335281,150600,9,192.168.88.253,43544,195,,congestion_avoidance,
1501,131128.339399,150700,9,192.168.88.253,43544,204,,congestion_avoidance,
1502,131128.343918,150800,9,192.168.88.253,43544,171,,congestion_avoidance,
1503,131128.349050,150900,9,192.168.88.253,43544,192,,congestion_avoidance,
1504,131128.353987,151000,9,192.168.88.253,43544,234,,congestion_avoidance,
1505,131128.359403,151100,9,192.168.88.253,43544,187,,congestion_avoidance,
1506,131128.364855,151200,9,192.168.88.253,43544,207,,congestion_avoidance,
1507,131128.370268,151300,9,192.168.88.253,43544,163,,congestion_avoidance,
1508,131128.375334,151400,9,192.168.88.253,43544,182,,congestion_avoidance,
1509,131128.380467,151500,9,192.168.88.253,43544,188,,congestion_avoidance,
1510,131128.385585,151600,9,192.168.88.253,43544,170,,congestion_avoidance,
1511,131128.390744,151700,9,192.168.88.253,43544,173,,congestion_avoidance,
1512,131128.395825,151800,9,192.168.88.253,43544,166,,congestion_avoidance,
1513,131128.401595,151900,9,192.168.88.253,43544,176,,congestion_avoidance,
1514,131128.406925,152000,9,192.168.88.253,43544,165,,congestion_avoidance,
1515,131128.412044,152100,9,192.168.88.253,43544,214,,congestion_avoidance,
1516,131128.417248,152200,9,192.168.88.253,43544,195,,congestion_avoidance,
1517,131128.422620,152300,9,192.168.88.253,43544,230,,congestion_avoidance,
1518,131128.427796,152400,9,192.168.88.253,43544,119,,congestion_avoidance,
1519,131128.433231,152500,9,192.168.88.253,43544,172,,congestion_avoidance,
1520,131128.438408,152600,9,192.168.88.253,43544,212,,congestion_avoidance,
1521,131128.443551,152700,9,192.168.88.253,43544,191,,congestion_avoidance,
1522,131128.448891,152800,9,192.168.88.253,43544,205,,congestion_avoidance,
1523,131128.454207,152900,9,192.168.88.253,43544,181,,congestion_avoidance,
1524,131128.459537,153000,9,192.168.88.253,43544,241,,congestion_avoidance,
1525,131128.464895,153100,9,192.168.88.253,43544,171,,congestion_avoidance,
1526,131128.470230,153200,9,192.168.88.253,43544,151,,congestion_avoidance,
1527,131128.475665,153300,9,192.168.88.253,43544,177,,congestion_avoidance,
1528,131128.480816,153400,9,192.168.88.253,43544,167,,congestion_avoidance,
1529,131128.486123,153500,9,192.168.88.253,43544,208,,congestion_avoidance,
1530,131128.491378,153600,9,192.168.88.253,43544,211,,congestion_avoidance,
1531,131128.503980,153700,9,192.168.88.253,43544,135,,congestion_avoidance,
1532,131128.508024,153800,9,192.168.88.253,43544,160,,congestion_avoidance,
1533,131128.520935,153900,9,192.168.88.253,43544,118,,congestion_avoidance,
1534,131128.524741,154000,9,192.168.88.253,43544,194,,congestion_avoidance,
1535,131128.530677,154100,9,192.168.88.253,43544,101,,congestion_avoidance,
1536,131128.535448,154200,9,192.168.88.253,43544,175,,congestion_avoidance,
1537,131128.539736,154300,9,192.168.88.253,43544,180,,congestion_avoidance,
1538,131128.544060,154400,9,192.168.88.253,43544,187,,congestion_avoidance,
1539,131128.548352,154500,9,192.168.88.253,43544,205,,congestion_avoidance,
1540,131128.553492,154600,9,192.168.88.253,43544,207,,congestion_avoidance,
1541,131128.559311,154700,9,192.168.88.253,43544,175,,congestion_avoidance,
1542,131128.565141,154800,9,192.168.88.253,43544,169,,congestion_avoidance,
1543,131128.570715,154900,9,192.168.88.253,43544,167,,congestion_avoidance,
1544,131128.576183,155000,9,192.168.88.253,43544,190,,congestion_avoidance,
1545,131128.585133,155200,9,192.168.88.253,43544,204,,congestion_avoidance,
1546,131128.589266,155300,9,192.168.88.253,43544,173,,congestion_avoidance,
1547,131128.593315,155400,9,192.168.88.253,43544,237,,congestion_avoidance,
1548,131128.597913,155500,9,192.168.88.253,43544,162,,congestion_avoidance,
1549,131128.602297,155600,9,192.168.88.253,43544,193,,congestion_avoidance,
1550,131128.606395,155700,9,192.168.88.253,43544,239,,congestion_avoidance,
1551,131128.610839,155800,9,192.168.88.253,43544,206,,congestion_avoidance,
1552,131128.614906,155900,9,192.168.88.253,43544,222,,congestion_avoidance,
1553,131128.618953,156000,9,192.168.88.253,43544,219,,congestion_avoidance,
1554,131128.623551,156100,9,192.168.88.253,43544,160,,congestion_avoidance,
1555,131128.627908,156200,9,192.168.88.253,43544,196,,congestion_avoidance,
1556,131128.631995,156300,9,192.168.88.253,43544,170,,congestion_avoidance,
1557,131128.636088,156400,9,192.168.88.253,43544,207,,congestion_avoidance,
1558,131128.640157,156500,9,192.168.88.253,43544,170,,congestion_avoidance,
1559,131128.644549,156600,9,192.168.88.253,43544,152,,congestion_avoidance,
1560,131128.648732,156700,9,192.168.88.253,43544,198,,congestion_avoidance,
1561,131128.652996,156800,9,192.168.88.253,43544,181,,congestion_avoidance,
1562,131128.658327,156900,9,192.168.88.253,43544,194,,congestion_avoidance,
1563,131128.663657,157000,9,192.168.88.253,43544,142,,congestion_avoidance,
1564,131128.669203,157100,9,192.168.88.253,43544,114,,congestion_avoidance,
1565,131128.674431,157200,9,192.168.88.253,43544,188,,congestion_avoidance,
1566,131128.679789,157300,9,192.168.88.253,43544,219,,congestion_avoidance,
1567,131128.685018,157400,9,192.168.88.253,43544,152,,congestion_avoidance,
1568,131128.690326,157500,9,192.168.88.253,43544,169,,congestion_avoidance,
1569,131128.695351,157600,9,192.168.88.253,43544,197,,congestion_avoidance,
1570,131128.700570,157700,9,192.168.88.253,43544,167,,congestion_avoidance,
1571,131128.705963,157800,9,192.168.88.253,43544,200,,congestion_avoidance,
1572,131128.711085,157900,9,192.168.88.253,43544,238,,congestion_avoidance,
1573,131128.716656,158000,9,192.168.88.253,43544,173,,congestion_avoidance,
1574,131128.721894,158100,9,192.168.88.253,43544,194,,congestion_avoidance,
1575,131128.727347,158200,9,192.168.88.253,43544,212,,congestion_avoidance,
1576,131128.732873,158300,9,192.168.88.253,43544,179,,congestion_avoidance,
1577,131128.738183,158400,9,192.168.88.253,43544,240,,congestion_avoidance,
1578,131128.743549,158500,9,192.168.88.253,43544,162,,congestion_avoidance,
1579,131128.749226,158600,9,192.168.88.253,43544,194,,congestion_avoidance,
1580,131128.754546,158700,9,192.168.88.253,43544,154,,congestion_avoidance,
1581,131128.759810,158800,9,192.168.88.253,43544,175,,congestion_avoidance,
1582,131128.765002,158900,9,192.168.88.253,43544,211,,congestion_avoidance,
1583,131128.770433,159000,9,192.168.88.253,43544,144,,congestion_avoidance,
1584,131128.775787,159100,9,192.168.88.253,43544,198,,congestion_avoidance,
1585,131128.779884,159200,9,192.168.88.253,43544,188,,congestion_avoidance,
1586,131128.784103,159300,9,192.168.88.253,43544,190,,congestion_avoidance,
1587,131128.788156,159400,9,192.168.88.253,43544,184,,congestion_avoidance,
1588,131128.792579,159500,9,192.168.88.253,43544,187,,congestion_avoidance,
1589,131128.796693,159600,9,192.168.88.253,43544,171,,congestion_avoidance,
1590,131128.800829,159700,9,192.168.88.253,43544,164,,congestion_avoidance,
1591,131128.804945,159800,9,192.168.88.253,43544,158,,congestion_avoidance,
1592,131128.809055,159900,9,192.168.88.253,43544,228,,congestion_avoidance,
1593,131128.813136,160000,9,192.168.88.253,43544,163,,congestion_avoidance,
1594,131128.817271,160100,9,192.168.88.253,43544,259,,congestion_avoidance,
1595,131128.822465,160200,9,192.168.88.253,43544,143,,congestion_avoidance,
1596,131128.827652,160300,9,192.168.88.253,43544,147,,congestion_avoidance,
1597,131128.832664,160400,9,192.168.88.253,43544,190,,congestion_avoidance,
1598,131128.837775,160500,9,192.168.88.253,43544,172,,congestion_avoidance,
1599,131128.843102,160600,9,192.168.88.253,43544,210,,congestion_avoidance,
1600,131128.848447,160700,9,192.168.88.253,43544,196,,congestion_avoidance,
1601,131128.853768,160800,9,192.168.88.253,43544,196,,congestion_avoidance,
1602,131128.859190,160900,9,192.168.88.253,43544,197,,congestion_avoidance,
1603,131128.864528,161000,9,192.168.88.253,43544,153,,congestion_avoidance,
1604,131128.869975,161100,9,192.168.88.253,43544,195,,congestion_avoidance,
1605,131128.875045,161200,9,192.168.88.253,43544,212,,congestion_avoidance,
1606,131128.879138,161300,9,192.168.88.253,43544,206,,congestion_avoidance,
1607,131128.883418,161400,9,192.168.88.253,43544,201,,congestion_avoidance,
1608,131128.887574,161500,9,192.168.88.253,43544,153,,congestion_avoidance,
1609,131128.892017,161600,9,192.168.88.253,43544,212,,congestion_avoidance,
1610,131128.895911,161700,9,192.168.88.253,43544,207,,congestion_avoidance,
1611,131128.900392,161800,9,192.168.88.253,43544,190,,congestion_avoidance,
1612,131128.904512,161900,9,192.168.88.253,43544,170,,congestion_avoidance,
1613,131128.908800,162000,9,192.168.88.253,43544,208,,congestion_avoidance,
1614,131128.913124,162100,9,192.168.88.253,43544,202,,congestion_avoidance,
1615,131128.917401,162200,9,192.168.88.253,43544,180,,congestion_avoidance,
1616,131128.921695,162300,9,192.168.88.253,43544,214,,congestion_avoidance,
1617,131128.925877,162400,9,192.168.88.253,43544,212,,congestion_avoidance,
1618,131128.930295,162500,9,192.168.88.253,43544,216,,congestion_avoidance,
1619,131128.935495,162600,9,192.168.88.253,43544,184,,congestion_avoidance,
1620,131128.941150,162700,9,192.168.88.253,43544,170,,congestion_avoidance,
1621,131128.946514,162800,9,192.168.88.253,43544,162,,congestion_avoidance,
1622,131128.952280,162900,9,192.168.88.253,43544,183,,congestion_avoidance,
1623,131128.957803,163000,9,192.168.88.253,43544,208,,congestion_avoidance,
1624,131128.963539,163100,9,192.168.88.253,43544,202,,congestion_avoidance,
1625,131128.969091,163200,9,192.168.88.253,43544,185,,congestion_avoidance,
1626,131128.974630,163300,9,192.168.88.253,43544,159,,congestion_avoidance,
1627,131128.980171,163400,9,192.168.88.253,43544,222,,congestion_avoidance,
1628,131128.985628,163500,9,192.168.88.253,43544,180,,congestion_avoidance,
1629,131128.991170,163600,9,192.168.88.253,43544,144,,congestion_avoidance,
1630,131128.996736,163700,9,192.168.88.253,43544,158,,congestion_avoidance,
1631,131129.002236,163800,9,192.168.88.253,43544,158,,congestion_avoidance,
1632,131129.007834,163900,9,192.168.88.253,43544,161,,congestion_avoidance,
1633,131129.013183,164000,9,192.168.88.253,43544,238,,congestion_avoidance,
1634,131129.018540,164100,9,192.168.88.253,43544,168,,congestion_avoidance,
1635,131129.023899,164200,9,192.168.88.253,43544,188,,congestion_avoidance,
1636,131129.029201,164300,9,192.168.88.253,43544,171,,congestion_avoidance,
1637,131129.034534,164400,9,192.168.88.253,43544,178,,congestion_avoidance,
1638,131129.039794,164500,9,192.168.88.253,43544,213,,congestion_avoidance,
1639,131129.045151,164600,9,192.168.88.253,43544,194,,congestion_avoidance,
1640,131129.050586,164700,9,192.168.88.253,43544,220,,congestion_avoidance,
1641,131129.055746,164800,9,192.168.88.253,43544,191,,congestion_avoidance,
1642,131129.060962,164900,9,192.168.88.253,43544,190,,congestion_avoidance,
1643,131129.066380,165000,9,192.168.88.253,43544,165,,congestion_avoidance,
1644,131129.071585,165100,9,192.168.88.253,43544,196,,congestion_avoidance,
1645,131129.077028,165200,9,192.168.88.253,43544,270,,congestion_avoidance,
1646,131129.082876,165300,9,192.168.88.253,43544,159,,congestion_avoidance,
1647,131129.093437,165500,9,192.168.88.253,43544,171,,congestion_avoidance,
1648,131129.098818,165600,9,192.168.88.253,43544,172,,congestion_avoidance,
1649,131129.104089,165700,9,192.168.88.253,43544,192,,congestion_avoidance,
1650,131129.109328,165800,9,192.168.88.253,43544,194,,congestion_avoidance,
1651,131129.114466,165900,9,192.168.88.253,43544,206,,congestion_avoidance,
1652,131129.119829,166000,9,192.168.88.253,43544,193,,congestion_avoidance,
1653,131129.125144,166100,9,192.168.88.253,43544,212,,congestion_avoidance,
1654,131129.130550,166200,9,192.168.88.253,43544,193,,congestion_avoidance,
1655,131129.136124,166300,9,192.168.88.253,43544,158,,congestion_avoidance,
1656,131129.141639,166400,9,192.168.88.253,43544,200,,congestion_avoidance,
1657,131129.147255,166500,9,192.168.88.253,43544,156,,congestion_avoidance,
1658,131129.152668,166600,9,192.168.88.253,43544,207,,congestion_avoidance,
1659,131129.158058,166700,9,192.168.88.253,43544,195,,congestion_avoidance,
1660,131129.163219,166800,9,192.168.88.253,43544,170,,congestion_avoidance,
1661,131129.168402,166900,9,192.168.88.253,43544,188,,congestion_avoidance,
1662,131129.173667,167000,9,192.168.88.253,43544,179,,congestion_avoidance,
1663,131129.178718,167100,9,192.168.88.253,43544,211,,congestion_avoidance,
1664,131129.184164,167200,9,192.168.88.253,43544,213,,congestion_avoidance,
1665,131129.189383,167300,9,192.168.88.253,43544,169,,congestion_avoidance,
1666,131129.194622,167400,9,192.168.88.253,43544,193,,congestion_avoidance,
1667,131129.200080,167500,9,192.168.88.253,43544,173,,congestion_avoidance,
1668,131129.205620,167600,9,192.168.88.253,43544,223,,congestion_avoidance,
1669,131129.210848,167700,9,192.168.88.253,43544,216,,congestion_avoidance,
1670,131129.216007,167800,9,192.168.88.253,43544,166,,congestion_avoidance,
1671,131129.221557,167900,9,192.168.88.253,43544,169,,congestion_avoidance,
1672,131129.226838,168000,9,192.168.88.253,43544,171,,congestion_avoidance,
1673,131129.232384,168100,9,192.168.88.253,43544,171,,congestion_avoidance,
1674,131129.237535,168200,9,192.168.88.253,43544,214,,congestion_avoidance,
1675,131129.242561,168300,9,192.168.88.253,43544,259,,congestion_avoidance,
1676,131129.248017,168400,9,192.168.88.253,43544,170,,congestion_avoidance,
1677,131129.253675,168500,9,192.168.88.253,43544,281,,congestion_avoidance,
1678,131129.259232,168600,9,192.168.88.253,43544,177,,congestion_avoidance,
1679,131129.264742,168700,9,192.168.88.253,43544,194,,congestion_avoidance,
1680,131129.270549,168800,9,192.168.88.253,43544,166,,congestion_avoidance,
1681,131129.276603,168900,9,192.168.88.253,43544,237,,congestion_avoidance,
1682,131129.281987,169000,9,192.168.88.253,43544,212,,congestion_avoidance,
1683,131129.287439,169100,9,192.168.88.253,43544,195,,congestion_avoidance,
1684,131129.292711,169200,9,192.168.88.253,43544,199,,congestion_avoidance,
1685,131129.298048,169300,9,192.168.88.253,43544,206,,congestion_avoidance,
1686,131129.303619,169400,9,192.168.88.253,43544,143,,congestion_avoidance,
1687,131129.309317,169500,9,192.168.88.253,43544,166,,congestion_avoidance,
1688,131129.314842,169600,9,192.168.88.253,43544,218,,congestion_avoidance,
1689,131129.319951,169700,9,192.168.88.253,43544,163,,congestion_avoidance,
1690,131129.325034,169800,9,192.168.88.253,43544,194,,congestion_avoidance,
1691,131129.330122,169900,9,192.168.88.253,43544,215,,congestion_avoidance,
1692,131129.335257,170000,9,192.168.88.253,43544,200,,congestion_avoidance,
1693,131129.340505,170100,9,192.168.88.253,43544,209,,congestion_avoidance,
1694,131129.345875,170200,9,192.168.88.253,43544,148,,congestion_avoidance,
1695,131129.351344,170300,9,192.168.88.253,43544,198,,congestion_avoidance,
1696,131129.356757,170400,9,192.168.88.253,43544,143,,congestion_avoidance,
1697,131129.361873,170500,9,192.168.88.253,43544,187,,congestion_avoidance,
1698,131129.367415,170600,9,192.168.88.253,43544,171,,congestion_avoidance,
1699,131129.372885,170700,9,192.168.88.253,43544,196,,congestion_avoidance,
1700,131129.378194,170800,9,192.168.88.253,43544,202,,congestion_avoidance,
1701,131129.383369,170900,9,192.168.88.253,43544,198,,congestion_avoidance,
1702,131129.388213,171000,9,192.168.88.253,43544,231,,congestion_avoidance,
1703,131129.393640,171100,9,192.168.88.253,43544,230,,congestion_avoidance,
1704,131129.398879,171200,9,192.168.88.253,43544,198,,congestion_avoidance,
1705,131129.404670,171300,9,192.168.88.253,43544,178,,congestion_avoidance,
1706,131129.410523,171400,9,192.168.88.253,43544,198,,congestion_avoidance,
1707,131129.416463,171500,9,192.168.88.253,43544,175,,congestion_avoidance,
1708,131129.421577,171600,9,192.168.88.253,43544,187,,congestion_avoidance,
1709,131129.426349,171700,9,192.168.88.253,43544,189,,congestion_avoidance,
1710,131129.431676,171800,9,192.168.88.253,43544,248,,congestion_avoidance,
1711,131129.436968,171900,9,192.168.88.253,43544,168,,congestion_avoidance,
1712,131129.442204,172000,9,192.168.88.253,43544,197,,congestion_avoidance,
1713,131129.447678,172100,9,192.168.88.253,43544,183,,congestion_avoidance,
1714,131129.452959,172200,9,192.168.88.253,43544,196,,congestion_avoidance,
1715,131129.457972,172300,9,192.168.88.253,43544,168,,congestion_avoidance,
1716,131129.462439,172400,9,192.168.88.253,43544,211,,congestion_avoidance,
1717,131129.466891,172500,9,192.168.88.253,43544,194,,congestion_avoidance,
1718,131129.471330,172600,9,192.168.88.253,43544,183,,congestion_avoidance,
1719,131129.475764,172700,9,192.168.88.253,43544,181,,congestion_avoidance,
1720,131129.480304,172800,9,192.168.88.253,43544,199,,congestion_avoidance,
1721,131129.484421,172900,9,192.168.88.253,43544,198,,congestion_avoidance,
1722,131129.488506,173000,9,192.168.88.253,43544,205,,congestion_avoidance,
1723,131129.492918,173100,9,192.168.88.253,43544,162,,congestion_avoidance,
1724,131129.497021,173200,9,192.168.88.253,43544,172,,congestion_avoidance,
1725,131129.501136,173300,9,192.168.88.253,43544,189,,congestion_avoidance,
1726,131129.505913,173400,9,192.168.88.253,43544,166,,congestion_avoidance,
1727,131129.510480,173500,9,192.168.88.253,43544,206,,congestion_avoidance,
1728,131129.514653,173600,9,192.168.88.253,43544,190,,congestion_avoidance,
1729,131129.519092,173700,9,192.168.88.253,43544,206,,congestion_avoidance,
1730,131129.523191,173800,9,192.168.88.253,43544,151,,congestion_avoidance,
1731,131129.527333,173900,9,192.168.88.253,43544,213,,congestion_avoidance,
1732,131129.531459,174000,9,192.168.88.253,43544,203,,congestion_avoidance,
1733,131129.535687,174100,9,192.168.88.253,43544,158,,congestion_avoidance,
1734,131129.540253,174200,9,192.168.88.253,43544,203,,congestion_avoidance,
1735,131129.544381,174300,9,192.168.88.253,43544,170,,congestion_avoidance,
1736,131129.548584,174400,9,192.168.88.253,43544,203,,congestion_avoidance,
1737,131129.553051,174500,9,192.168.88.253,43544,191,,congestion_avoidance,
1738,131129.557486,174600,9,192.168.88.253,43544,189,,congestion_avoidance,
1739,131129.561908,174700,9,192.168.88.253,43544,233,,congestion_avoidance,
1740,131129.566548,174800,9,192.168.88.253,43544,147,,congestion_avoidance,
1741,131129.570701,174900,9,192.168.88.253,43544,181,,congestion_avoidance,
1742,131129.574953,175000,9,192.168.88.253,43544,169,,congestion_avoidance,
1743,131129.579168,175100,9,192.168.88.253,43544,209,,congestion_avoidance,
1744,131129.583294,175200,9,192.168.88.253,43544,217,,congestion_avoidance,
1745,131129.587700,175300,9,192.168.88.253,43544,219,,congestion_avoidance,
1746,131129.593241,175400,9,192.168.88.253,43544,173,,congestion_avoidance,
1747,131129.599041,175500,9,192.168.88.253,43544,148,,congestion_avoidance,
1748,131129.604555,175600,9,192.168.88.253,43544,188,,congestion_avoidance,
1749,131129.609949,175700,9,192.168.88.253,43544,192,,congestion_avoidance,
1750,131129.615998,175800,9,192.168.88.253,43544,174,,congestion_avoidance,
1751,131129.621706,175900,9,192.168.88.253,43544,161,,congestion_avoidance,
1752,131129.627348,176000,9,192.168.88.253,43544,185,,congestion_avoidance,
1753,131129.633024,176100,9,192.168.88.253,43544,224,,congestion_avoidance,
1754,131129.638504,176200,9,192.168.88.253,43544,218,,congestion_avoidance,
1755,131129.643897,176300,9,192.168.88.253,43544,159,,congestion_avoidance,
1756,131129.649343,176400,9,192.168.88.253,43544,180,,congestion_avoidance,
1757,131129.654722,176500,9,192.168.88.253,43544,224,,congestion_avoidance,
1758,131129.660671,176600,9,192.168.88.253,43544,162,,congestion_avoidance,
1759,131129.666063,176700,9,192.168.88.253,43544,197,,congestion_avoidance,
1760,131129.671435,176800,9,192.168.88.253,43544,716,,congestion_avoidance,
1761,131129.675700,176900,9,192.168.88.253,43544,173,,congestion_avoidance,
1762,131129.680206,177000,9,192.168.88.253,43544,206,,congestion_avoidance,
1763,131129.684462,177100,9,192.168.88.253,43544,183,,congestion_avoidance,
1764,131129.689202,177200,9,192.168.88.253,43544,174,,congestion_avoidance,
1765,131129.693316,177300,9,192.168.88.253,43544,169,,congestion_avoidance,
1766,131129.697756,177400,9,192.168.88.253,43544,175,,congestion_avoidance,
1767,131129.702080,177500,9,192.168.88.253,43544,234,,congestion_avoidance,
1768,131129.706125,177600,9,192.168.88.253,43544,205,,congestion_avoidance,
1769,131129.712391,177700,9,192.168.88.253,43544,105,,congestion_avoidance,
1770,131129.716328,177800,9,192.168.88.253,43544,217,,congestion_avoidance,
1771,131129.720951,177900,9,192.168.88.253,43544,166,,congestion_avoidance,
1772,131129.725570,178000,9,192.168.88.253,43544,188,,congestion_avoidance,
1773,131129.729719,178100,9,192.168.88.253,43544,172,,congestion_avoidance,
1774,131129.734465,178200,9,192.168.88.253,43544,171,,congestion_avoidance,
1775,131129.739124,178300,9,192.168.88.253,43544,238,,congestion_avoidance,
1776,131129.743750,178400,9,192.168.88.253,43544,201,,congestion_avoidance,
1777,131129.747943,178500,9,192.168.88.253,43544,191,,congestion_avoidance,
1778,131129.752610,178600,9,192.168.88.253,43544,220,,congestion_avoidance,
1779,131129.756851,178700,9,192.168.88.253,43544,201,,congestion_avoidance,
1780,131129.761153,178800,9,192.168.88.253,43544,213,,congestion_avoidance,
1781,131129.765763,178900,9,192.168.88.253,43544,194,,congestion_avoidance,
1782,131129.771124,179000,9,192.168.88.253,43544,182,,congestion_avoidance,
1783,131129.776745,179100,9,192.168.88.253,43544,223,,congestion_avoidance,
1784,131129.782304,179200,9,192.168.88.253,43544,209,,congestion_avoidance,
1785,131129.788245,179300,9,192.168.88.253,43544,190,,congestion_avoidance,
1786,131129.793343,179400,9,192.168.88.253,43544,184,,congestion_avoidance,
1787,131129.797859,179500,9,192.168.88.253,43544,165,,congestion_avoidance,
1788,131129.802287,179600,9,192.168.88.253,43544,190,,congestion_avoidance,
1789,131129.806821,179700,9,192.168.88.253,43544,195,,congestion_avoidance,
1790,131129.811276,179800,9,192.168.88.253,43544,206,,congestion_avoidance,
1791,131129.815395,179900,9,192.168.88.253,43544,213,,congestion_avoidance,
1792,131129.819518,180000,9,192.168.88.253,43544,149,,congestion_avoidance,
1793,131129.824721,180100,9,192.168.88.253,43544,195,,congestion_avoidance,
1794,131129.830013,180200,9,192.168.88.253,43544,178,,congestion_avoidance,
1795,131129.835400,180300,9,192.168.88.253,43544,185,,congestion_avoidance,
1796,131129.840364,180400,9,192.168.88.253,43544,160,,congestion_avoidance,
1797,131129.845504,180500,9,192.168.88.253,43544,216,,congestion_avoidance,
1798,131129.850818,180600,9,192.168.88.253,43544,199,,congestion_avoidance,
1799,131129.856229,180700,9,192.168.88.253,43544,132,,congestion_avoidance,
1800,131129.861478,180800,9,192.168.88.253,43544,229,,congestion_avoidance,
1801,131129.867044,180900,9,192.168.88.253,43544,206,,congestion_avoidance,
1802,131129.872445,181000,9,192.168.88.253,43544,194,,congestion_avoidance,
1803,131129.878042,181100,9,192.168.88.253,43544,171,,congestion_avoidance,
1804,131129.883687,181200,9,192.168.88.253,43544,170,,congestion_avoidance,
1805,131129.888894,181300,9,192.168.88.253,43544,172,,congestion_avoidance,
1806,131129.894151,181400,9,192.168.88.253,43544,229,,congestion_avoidance,
1807,131129.899354,181500,9,192.168.88.253,43544,168,,congestion_avoidance,
1808,131129.904897,181600,9,192.168.88.253,43544,172,,congestion_avoidance,
1809,131129.910347,181700,9,192.168.88.253,43544,211,,congestion_avoidance,
1810,131129.915852,181800,9,192.168.88.253,43544,148,,congestion_avoidance,
1811,131129.921296,181900,9,192.168.88.253,43544,190,,congestion_avoidance,
1812,131129.926720,182000,9,192.168.88.253,43544,212,,congestion_avoidance,
1813,131129.932714,182100,9,192.168.88.253,43544,195,,congestion_avoidance,
1814,131129.938092,182200,9,192.168.88.253,43544,213,,congestion_avoidance,
1815,131129.943924,182300,9,192.168.88.253,43544,182,,congestion_avoidance,
1816,131129.949856,182400,9,192.168.88.253,43544,209,,congestion_avoidance,
1817,131129.955089,182500,9,192.168.88.253,43544,211,,congestion_avoidance,
1818,131129.960320,182600,9,192.168.88.253,43544,232,,congestion_avoidance,
1819,131129.965805,182700,9,192.168.88.253,43544,168,,congestion_avoidance,
1820,131129.971251,182800,9,192.168.88.253,43544,170,,congestion_avoidance,
1821,131129.976581,182900,9,192.168.88.253,43544,240,,congestion_avoidance,
1822,131129.981910,183000,9,192.168.88.253,43544,193,,congestion_avoidance,
1823,131129.987288,183100,9,192.168.88.253,43544,170,,congestion_avoidance,
1824,131129.992620,183200,9,192.168.88.253,43544,242,,congestion_avoidance,
1825,131129.998108,183300,9,192.168.88.253,43544,167,,congestion_avoidance,
1826,131130.003496,183400,9,192.168.88.253,43544,239,,congestion_avoidance,
1827,131130.008713,183500,9,192.168.88.253,43544,197,,congestion_avoidance,
1828,131130.013954,183600,9,192.168.88.253,43544,191,,congestion_avoidance,
1829,131130.019307,183700,9,192.168.88.253,43544,209,,congestion_avoidance,
1830,131130.024805,183800,9,192.168.88.253,43544,209,,congestion_avoidance,
1831,131130.030597,183900,9,192.168.88.253,43544,187,,congestion_avoidance,
1832,131130.036147,184000,9,192.168.88.253,43544,166,,congestion_avoidance,
1833,131130.042049,184100,9,192.168.88.253,43544,151,,congestion_avoidance,
1834,131130.047622,184200,9,192.168.88.253,43544,171,,congestion_avoidance,
1835,131130.053384,184300,9,192.168.88.253,43544,246,,congestion_avoidance,
1836,131130.058411,184400,9,192.168.88.253,43544,273,,congestion_avoidance,
1837,131130.063834,184500,9,192.168.88.253,43544,182,,congestion_avoidance,
1838,131130.069124,184600,9,192.168.88.253,43544,182,,congestion_avoidance,
1839,131130.074654,184700,9,192.168.88.253,43544,195,,congestion_avoidance,
1840,131130.080512,184800,9,192.168.88.253,43544,166,,congestion_avoidance,
1841,131130.086413,184900,9,192.168.88.253,43544,235,,congestion_avoidance,
1842,131130.092088,185000,9,192.168.88.253,43544,170,,congestion_avoidance,
1843,131130.097440,185100,9,192.168.88.253,43544,206,,congestion_avoidance,
1844,131130.102858,185200,9,192.168.88.253,43544,207,,congestion_avoidance,
1845,131130.109027,185300,9,192.168.88.253,43544,203,,congestion_avoidance,
1846,131130.115140,185400,9,192.168.88.253,43544,250,,congestion_avoidance,
1847,131130.120722,185500,9,192.168.88.253,43544,181,,congestion_avoidance,
1848,131130.126609,185600,9,192.168.88.253,43544,190,,congestion_avoidance,
1849,131130.132097,185700,9,192.168.88.253,43544,201,,congestion_avoidance,
1850,131130.137911,185800,9,192.168.88.253,43544,229,,congestion_avoidance,
1851,131130.143370,185900,9,192.168.88.253,43544,172,,congestion_avoidance,
1852,131130.148841,186000,9,192.168.88.253,43544,215,,congestion_avoidance,
1853,131130.154678,186100,9,192.168.88.253,43544,206,,congestion_avoidance,
1854,131130.160395,186200,9,192.168.88.253,43544,213,,congestion_avoidance,
1855,131130.166120,186300,9,192.168.88.253,43544,173,,congestion_avoidance,
1856,131130.171432,186400,9,192.168.88.253,43544,198,,congestion_avoidance,
1857,131130.177159,186500,9,192.168.88.253,43544,131,,congestion_avoidance,
1858,131130.182558,186600,9,192.168.88.253,43544,228,,congestion_avoidance,
1859,131130.188837,186700,9,192.168.88.253,43544,184,,congestion_avoidance,
1860,131130.194849,186800,9,192.168.88.253,43544,159,,congestion_avoidance,
1861,131130.200529,186900,9,192.168.88.253,43544,155,,congestion_avoidance,
1862,131130.205706,187000,9,192.168.88.253,43544,175,,congestion_avoidance,
1863,131130.210883,187100,9,192.168.88.253,43544,172,,congestion_avoidance,
1864,131130.216150,187200,9,192.168.88.253,43544,179,,congestion_avoidance,
1865,131130.221374,187300,9,192.168.88.253,43544,173,,congestion_avoidance,
1866,131130.226720,187400,9,192.168.88.253,43544,215,,congestion_avoidance,
1867,131130.231950,187500,9,192.168.88.253,43544,211,,congestion_avoidance,
1868,131130.237355,187600,9,192.168.88.253,43544,180,,congestion_avoidance,
1869,131130.242646,187700,9,192.168.88.253,43544,202,,congestion_avoidance,
1870,131130.247849,187800,9,192.168.88.253,43544,187,,congestion_avoidance,
1871,131130.252947,187900,9,192.168.88.253,43544,232,,congestion_avoidance,
1872,131130.258236,188000,9,192.168.88.253,43544,210,,congestion_avoidance,
1873,131130.263703,188100,9,192.168.88.253,43544,202,,congestion_avoidance,
1874,131130.269204,188200,9,192.168.88.253,43544,205,,congestion_avoidance,
1875,131130.274883,188300,9,192.168.88.253,43544,162,,congestion_avoidance,
1876,131130.280176,188400,9,192.168.88.253,43544,238,,congestion_avoidance,
1877,131130.285279,188500,9,192.168.88.253,43544,232,,congestion_avoidance,
1878,131130.290578,188600,9,192.168.88.253,43544,191,,congestion_avoidance,
1879,131130.295746,188700,9,192.168.88.253,43544,192,,congestion_avoidance,
1880,131130.301083,188800,9,192.168.88.253,43544,239,,congestion_avoidance,
1881,131130.306841,188900,9,192.168.88.253,43544,168,,congestion_avoidance,
1882,131130.312317,189000,9,192.168.88.253,43544,179,,congestion_avoidance,
1883,131130.318007,189100,9,192.168.88.253,43544,200,,congestion_avoidance,
1884,131130.323540,189200,9,192.168.88.253,43544,302,,congestion_avoidance,
1885,131130.329446,189300,9,192.168.88.253,43544,155,,congestion_avoidance,
1886,131130.334152,189400,9,192.168.88.253,43544,190,,congestion_avoidance,
1887,131130.338392,189500,9,192.168.88.253,43544,163,,congestion_avoidance,
1888,131130.342853,189600,9,192.168.88.253,43544,165,,congestion_avoidance,
1889,131130.347532,189700,9,192.168.88.253,43544,216,,congestion_avoidance,
1890,131130.352755,189800,9,192.168.88.253,43544,164,,congestion_avoidance,
1891,131130.357490,189900,9,192.168.88.253,43544,173,,congestion_avoidance,
1892,131130.361813,190000,9,192.168.88.253,43544,219,,congestion_avoidance,
1893,131130.366551,190100,9,192.168.88.253,43544,216,,congestion_avoidance,
1894,131130.371029,190200,9,192.168.88.253,43544,129,,congestion_avoidance,
1895,131130.375583,190300,9,192.168.88.253,43544,172,,congestion_avoidance,
1896,131130.380351,190400,9,192.168.88.253,43544,171,,congestion_avoidance,
1897,131130.384834,190500,9,192.168.88.253,43544,166,,congestion_avoidance,
1898,131130.389661,190600,9,192.168.88.253,43544,175,,congestion_avoidance,
1899,131130.394083,190700,9,192.168.88.253,43544,175,,congestion_avoidance,
1900,131130.398497,190800,9,192.168.88.253,43544,137,,congestion_avoidance,
1901,131130.403232,190900,9,192.168.88.253,43544,200,,congestion_avoidance,
1902,131130.407678,191000,9,192.168.88.253,43544,203,,congestion_avoidance,
1903,131130.412182,191100,9,192.168.88.253,43544,170,,congestion_avoidance,
1904,131130.416470,191200,9,192.168.88.253,43544,170,,congestion_avoidance,
1905,131130.420974,191300,9,192.168.88.253,43544,290,,congestion_avoidance,
1906,131130.425631,191400,9,192.168.88.253,43544,148,,congestion_avoidance,
1907,131130.429885,191500,9,192.168.88.253,43544,185,,congestion_avoidance,
1908,131130.434201,191600,9,192.168.88.253,43544,169,,congestion_avoidance,
1909,131130.439031,191700,9,192.168.88.253,43544,157,,congestion_avoidance,
1910,131130.443587,191800,9,192.168.88.253,43544,225,,congestion_avoidance,
1911,131130.448104,191900,9,192.168.88.253,43544,218,,congestion_avoidance,
1912,131130.452498,192000,9,192.168.88.253,43544,221,,congestion_avoidance,
1913,131130.457166,192100,9,192.168.88.253,43544,169,,congestion_avoidance,
1914,131130.461984,192200,9,192.168.88.253,43544,257,,congestion_avoidance,
1915,131130.466400,192300,9,192.168.88.253,43544,166,,congestion_avoidance,
1916,131130.470871,192400,9,192.168.88.253,43544,226,,congestion_avoidance,
1917,131130.475501,192500,9,192.168.88.253,43544,211,,congestion_avoidance,
1918,131130.480370,192600,9,192.168.88.253,43544,217,,congestion_avoidance,
1919,131130.485109,192700,9,192.168.88.253,43544,151,,congestion_avoidance,
1920,131130.489487,192800,9,192.168.88.253,43544,144,,congestion_avoidance,
1921,131130.493962,192900,9,192.168.88.253,43544,192,,congestion_avoidance,
1922,131130.498492,193000,9,192.168.88.253,43544,170,,congestion_avoidance,
1923,131130.503271,193100,9,192.168.88.253,43544,197,,congestion_avoidance,
1924,131130.508353,193200,9,192.168.88.253,43544,103,,congestion_avoidance,
1925,131130.512670,193300,9,192.168.88.253,43544,174,,congestion_avoidance,
1926,131130.516787,193400,9,192.168.88.253,43544,173,,congestion_avoidance,
1927,131130.521119,193500,9,192.168.88.253,43544,168,,congestion_avoidance,
1928,131130.525889,193600,9,192.168.88.253,43544,184,,congestion_avoidance,
1929,131130.530568,193700,9,192.168.88.253,43544,147,,congestion_avoidance,
1930,131130.534666,193800,9,192.168.88.253,43544,173,,congestion_avoidance,
1931,131130.538857,193900,9,192.168.88.253,43544,167,,congestion_avoidance,
1932,131130.543212,194000,9,192.168.88.253,43544,207,,congestion_avoidance,
1933,131130.549254,194100,9,192.168.88.253,43544,105,,congestion_avoidance,
1934,131130.553540,194200,9,192.168.88.253,43544,132,,congestion_avoidance,
1935,131130.563587,194300,9,192.168.88.253,43544,195,,congestion_avoidance,
1936,131130.570934,194400,9,192.168.88.253,43544,207,,congestion_avoidance,
1937,131130.575206,194500,9,192.168.88.253,43544,221,,congestion_avoidance,
1938,131130.579417,194600,9,192.168.88.253,43544,205,,congestion_avoidance,
1939,131130.583525,194700,9,192.168.88.253,43544,201,,congestion_avoidance,
1940,131130.587567,194800,9,192.168.88.253,43544,218,,congestion_avoidance,
1941,131130.591652,194900,9,192.168.88.253,43544,203,,congestion_avoidance,
1942,131130.595806,195000,9,192.168.88.253,43544,208,,congestion_avoidance,
1943,131130.600537,195100,9,192.168.88.253,43544,197,,congestion_avoidance,
1944,131130.605103,195200,9,192.168.88.253,43544,187,,congestion_avoidance,
1945,131130.610486,195300,9,192.168.88.253,43544,122,,congestion_avoidance,
1946,131130.615996,195400,9,192.168.88.253,43544,180,,congestion_avoidance,
1947,131130.620151,195500,9,192.168.88.253,43544,169,,congestion_avoidance,
1948,131130.624582,195600,9,192.168.88.253,43544,192,,congestion_avoidance,
1949,131130.628941,195700,9,192.168.88.253,43544,190,,congestion_avoidance,
1950,131130.633861,195800,9,192.168.88.253,43544,150,,congestion_avoidance,
1951,131130.638560,195900,9,192.168.88.253,43544,168,,congestion_avoidance,
1952,131130.643298,196000,9,192.168.88.253,43544,181,,congestion_avoidance,
1953,131130.647902,196100,9,192.168.88.253,43544,90,,congestion_avoidance,
1954,131130.652367,196200,9,192.168.88.253,43544,262,,congestion_avoidance,
1955,131130.657455,196300,9,192.168.88.253,43544,165,,congestion_avoidance,
1956,131130.661720,196400,9,192.168.88.253,43544,169,,congestion_avoidance,
1957,131130.666092,196500,9,192.168.88.253,43544,232,,congestion_avoidance,
1958,131130.670368,196600,9,192.168.88.253,43544,171,,congestion_avoidance,
1959,131130.675162,196700,9,192.168.88.253,43544,145,,congestion_avoidance,
1960,131130.679501,196800,9,192.168.88.253,43544,144,,congestion_avoidance,
1961,131130.683806,196900,9,192.168.88.253,43544,215,,congestion_avoidance,
1962,131130.688465,197000,9,192.168.88.253,43544,195,,congestion_avoidance,
1963,131130.692954,197100,9,192.168.88.253,43544,217,,congestion_avoidance,
1964,131130.697255,197200,9,192.168.88.253,43544,209,,congestion_avoidance,
1965,131130.701533,197300,9,192.168.88.253,43544,295,,congestion_avoidance,
1966,131130.706192,197400,9,192.168.88.253,43544,203,,congestion_avoidance,
1967,131130.710844,197500,9,192.168.88.253,43544,189,,congestion_avoidance,
1968,131130.715359,197600,9,192.168.88.253,43544,214,,congestion_avoidance,
1969,131130.720200,197700,9,192.168.88.253,43544,176,,congestion_avoidance,
1970,131130.724824,197800,9,192.168.88.253,43544,204,,congestion_avoidance,
1971,131130.729376,197900,9,192.168.88.253,43544,167,,congestion_avoidance,
1972,131130.733954,198000,9,192.168.88.253,43544,212,,congestion_avoidance,
1973,131130.738167,198100,9,192.168.88.253,43544,191,,congestion_avoidance,
1974,131130.742626,198200,9,192.168.88.253,43544,192,,congestion_avoidance,
1975,131130.748125,198300,9,192.168.88.253,43544,171,,congestion_avoidance,
1976,131130.753823,198400,9,192.168.88.253,43544,141,,congestion_avoidance,
1977,131130.759445,198500,9,192.168.88.253,43544,185,,congestion_avoidance,
1978,131130.764883,198600,9,192.168.88.253,43544,202,,congestion_avoidance,
1979,131130.770712,198700,9,192.168.88.253,43544,196,,congestion_avoidance,
1980,131130.776128,198800,9,192.168.88.253,43544,162,,congestion_avoidance,
1981,131130.781748,198900,9,192.168.88.253,43544,193,,congestion_avoidance,
1982,131130.787320,199000,9,192.168.88.253,43544,191,,congestion_avoidance,
1983,131130.792988,199100,9,192.168.88.253,43544,190,,congestion_avoidance,
1984,131130.798442,199200,9,192.168.88.253,43544,160,,congestion_avoidance,
1985,131130.803572,199300,9,192.168.88.253,43544,216,,congestion_avoidance,
1986,131130.808778,199400,9,192.168.88.253,43544,226,,congestion_avoidance,
1987,131130.813257,199500,9,192.168.88.253,43544,221,,congestion_avoidance,
1988,131130.817417,199600,9,192.168.88.253,43544,179,,congestion_avoidance,
1989,131130.821446,199700,9,192.168.88.253,43544,218,,congestion_avoidance,
1990,131130.825610,199800,9,192.168.88.253,43544,157,,congestion_avoidance,
1991,131130.829689,199900,9,192.168.88.253,43544,167,,congestion_avoidance,
1992,131130.833754,200000,9,192.168.88.253,43544,163,,congestion_avoidance,
1993,131130.838197,200100,9,192.168.88.253,43544,197,,congestion_avoidance,
1994,131130.842269,200200,9,192.168.88.253,43544,204,,congestion_avoidance,
1995,131130.846763,200300,9,192.168.88.253,43544,166,,congestion_avoidance,
1996,131130.851178,200400,9,192.168.88.253,43544,172,,congestion_avoidance,
1997,131130.855646,200500,9,192.168.88.253,43544,183,,congestion_avoidance,
1998,131130.860097,200600,9,192.168.88.253,43544,201,,congestion_avoidance,
1999,131130.864541,200700,9,192.168.88.253,43544,190,,congestion_avoidance,
2000,131130.869025,200800,9,192.168.88.253,43544,182,,congestion_avoidance,
2001,131130.873467,200900,9,192.168.88.253,43544,220,,congestion_avoidance,
2002,131130.878040,201000,9,192.168.88.253,43544,205,,congestion_avoidance,
2003,131130.882080,201100,9,192.168.88.253,43544,215,,congestion_avoidance,
2004,131130.886512,201200,9,192.168.88.253,43544,186,,congestion_avoidance,
2005,131130.890835,201300,9,192.168.88.253,43544,213,,congestion_avoidance,
2006,131130.895311,201400,9,192.168.88.253,43544,175,,congestion_avoidance,
2007,131130.899794,201500,9,192.168.88.253,43544,198,,congestion_avoidance,
2008,131130.904396,201600,9,192.168.88.253,43544,159,,congestion_avoidance,
2009,131130.909178,201700,9,192.168.88.253,43544,206,,congestion_avoidance,
2010,131130.913598,201800,9,192.168.88.253,43544,198,,congestion_avoidance,
2011,131130.918286,201900,9,192.168.88.253,43544,181,,congestion_avoidance,
2012,131130.922377,202000,9,192.168.88.253,43544,203,,congestion_avoidance,
2013,131130.926485,202100,9,192.168.88.253,43544,169,,congestion_avoidance,
2014,131130.930638,202200,9,192.168.88.253,43544,221,,congestion_avoidance,
2015,131130.935023,202300,9,192.168.88.253,43544,174,,congestion_avoidance,
2016,131130.939227,202400,9,192.168.88.253,43544,209,,congestion_avoidance,
2017,131130.943589,202500,9,192.168.88.253,43544,169,,congestion_avoidance,
2018,131130.947658,202600,9,192.168.88.253,43544,191,,congestion_avoidance,
2019,131130.952084,202700,9,192.168.88.253,43544,162,,congestion_avoidance,
2020,131130.956849,202800,9,192.168.88.253,43544,150,,congestion_avoidance,
2021,131130.961176,202900,9,192.168.88.253,43544,145,,congestion_avoidance,
2022,131130.965514,203000,9,192.168.88.253,43544,183,,congestion_avoidance,
2023,131130.970012,203100,9,192.168.88.253,43544,164,,congestion_avoidance,
2024,131130.974885,203200,9,192.168.88.253,43544,162,,congestion_avoidance,
2025,131130.979179,203300,9,192.168.88.253,43544,169,,congestion_avoidance,
2026,131130.983627,203400,9,192.168.88.253,43544,202,,congestion_avoidance,
2027,131130.988131,203500,9,192.168.88.253,43544,189,,congestion_avoidance,
2028,131130.992517,203600,9,192.168.88.253,43544,189,,congestion_avoidance,
2029,131130.996951,203700,9,192.168.88.253,43544,211,,congestion_avoidance,
2030,131131.000973,203800,9,192.168.88.253,43544,204,,congestion_avoidance,
2031,131131.005378,203900,9,192.168.88.253,43544,219,,congestion_avoidance,
2032,131131.009696,204000,9,192.168.88.253,43544,167,,congestion_avoidance,
2033,131131.013940,204100,9,192.168.88.253,43544,171,,congestion_avoidance,
2034,131131.018019,204200,9,192.168.88.253,43544,181,,congestion_avoidance,
2035,131131.022687,204300,9,192.168.88.253,43544,172,,congestion_avoidance,
2036,131131.026882,204400,9,192.168.88.253,43544,171,,congestion_avoidance,
2037,131131.031685,204500,9,192.168.88.253,43544,214,,congestion_avoidance,
2038,131131.035785,204600,9,192.168.88.253,43544,216,,congestion_avoidance,
2039,131131.040463,204700,9,192.168.88.253,43544,169,,congestion_avoidance,
2040,131131.045115,204800,9,192.168.88.253,43544,196,,congestion_avoidance,
2041,131131.049625,204900,9,192.168.88.253,43544,255,,congestion_avoidance,
2042,131131.054373,205000,9,192.168.88.253,43544,251,,congestion_avoidance,
2043,131131.059027,205100,9,192.168.88.253,43544,215,,congestion_avoidance,
2044,131131.063669,205200,9,192.168.88.253,43544,192,,congestion_avoidance,
2045,131131.068008,205300,9,192.168.88.253,43544,143,,congestion_avoidance,
2046,131131.072592,205400,9,192.168.88.253,43544,215,,congestion_avoidance,
2047,131131.076713,205500,9,192.168.88.253,43544,190,,congestion_avoidance,
2048,131131.080833,205600,9,192.168.88.253,43544,197,,congestion_avoidance,
2049,131131.084919,205700,9,192.168.88.253,43544,168,,congestion_avoidance,
2050,131131.089083,205800,9,192.168.88.253,43544,207,,congestion_avoidance,
2051,131131.093566,205900,9,192.168.88.253,43544,189,,congestion_avoidance,
2052,131131.098268,206000,9,192.168.88.253,43544,150,,congestion_avoidance,
2053,131131.102509,206100,9,192.168.88.253,43544,198,,congestion_avoidance,
2054,131131.107446,206200,9,192.168.88.253,43544,238,,congestion_avoidance,
2055,131131.112238,206300,9,192.168.88.253,43544,191,,congestion_avoidance,
2056,131131.116647,206400,9,192.168.88.253,43544,209,,congestion_avoidance,
2057,131131.120817,206500,9,192.168.88.253,43544,204,,congestion_avoidance,
2058,131131.124936,206600,9,192.168.88.253,43544,207,,congestion_avoidance,
2059,131131.129559,206700,9,192.168.88.253,43544,169,,congestion_avoidance,
2060,131131.134063,206800,9,192.168.88.253,43544,204,,congestion_avoidance,
2061,131131.138670,206900,9,192.168.88.253,43544,198,,congestion_avoidance,
2062,131131.143467,207000,9,192.168.88.253,43544,201,,congestion_avoidance,
2063,131131.148135,207100,9,192.168.88.253,43544,166,,congestion_avoidance,
2064,131131.152948,207200,9,192.168.88.253,43544,205,,congestion_avoidance,
2065,131131.157052,207300,9,192.168.88.253,43544,168,,congestion_avoidance,
2066,131131.161123,207400,9,192.168.88.253,43544,168,,congestion_avoidance,
2067,131131.165265,207500,9,192.168.88.253,43544,168,,congestion_avoidance,
2068,131131.169559,207600,9,192.168.88.253,43544,196,,congestion_avoidance,
2069,131131.173743,207700,9,192.168.88.253,43544,214,,congestion_avoidance,
2070,131131.177821,207800,9,192.168.88.253,43544,222,,congestion_avoidance,
2071,131131.181955,207900,9,192.168.88.253,43544,213,,congestion_avoidance,
2072,131131.186078,208000,9,192.168.88.253,43544,150,,congestion_avoidance,
2073,131131.190288,208100,9,192.168.88.253,43544,166,,congestion_avoidance,
2074,131131.194336,208200,9,192.168.88.253,43544,194,,congestion_avoidance,
2075,131131.198413,208300,9,192.168.88.253,43544,202,,congestion_avoidance,
2076,131131.202755,208400,9,192.168.88.253,43544,197,,congestion_avoidance,
2077,131131.207611,208500,9,192.168.88.253,43544,144,,congestion_avoidance,
2078,131131.212047,208600,9,192.168.88.253,43544,193,,congestion_avoidance,
2079,131131.216378,208700,9,192.168.88.253,43544,193,,congestion_avoidance,
2080,131131.221215,208800,9,192.168.88.253,43544,139,,congestion_avoidance,
2081,131131.225657,208900,9,192.168.88.253,43544,141,,congestion_avoidance,
2082,131131.230335,209000,9,192.168.88.253,43544,174,,congestion_avoidance,
2083,131131.235125,209100,9,192.168.88.253,43544,218,,congestion_avoidance,
2084,131131.239442,209200,9,192.168.88.253,43544,172,,congestion_avoidance,
2085,131131.243875,209300,9,192.168.88.253,43544,199,,congestion_avoidance,
2086,131131.249130,209400,9,192.168.88.253,43544,143,,congestion_avoidance,
2087,131131.253042,209500,9,192.168.88.253,43544,201,,congestion_avoidance,
2088,131131.257388,209600,9,192.168.88.253,43544,136,,congestion_avoidance,
2089,131131.262184,209700,9,192.168.88.253,43544,169,,congestion_avoidance,
2090,131131.266417,209800,9,192.168.88.253,43544,160,,congestion_avoidance,
2091,131131.271227,209900,9,192.168.88.253,43544,224,,congestion_avoidance,
2092,131131.275557,210000,9,192.168.88.253,43544,194,,congestion_avoidance,
2093,131131.280452,210100,9,192.168.88.253,43544,187,,congestion_avoidance,
2094,131131.285438,210200,9,192.168.88.253,43544,185,,congestion_avoidance,
2095,131131.290311,210300,9,192.168.88.253,43544,152,,congestion_avoidance,
2096,131131.295078,210400,9,192.168.88.253,43544,187,,congestion_avoidance,
2097,131131.300028,210500,9,192.168.88.253,43544,205,,congestion_avoidance,
2098,131131.305146,210600,9,192.168.88.253,43544,179,,congestion_avoidance,
2099,131131.309324,210700,9,192.168.88.253,43544,190,,congestion_avoidance,
2100,131131.313458,210800,9,192.168.88.253,43544,157,,congestion_avoidance,
2101,131131.317779,210900,9,192.168.88.253,43544,205,,congestion_avoidance,
2102,131131.322358,211000,9,192.168.88.253,43544,201,,congestion_avoidance,
2103,131131.327054,211100,9,192.168.88.253,43544,191,,congestion_avoidance,
2104,131131.331988,211200,9,192.168.88.253,43544,169,,congestion_avoidance,
2105,131131.336867,211300,9,192.168.88.253,43544,196,,congestion_avoidance,
2106,131131.341734,211400,9,192.168.88.253,43544,216,,congestion_avoidance,
2107,131131.346068,211500,9,192.168.88.253,43544,187,,congestion_avoidance,
2108,131131.350470,211600,9,192.168.88.253,43544,202,,congestion_avoidance,
2109,131131.355506,211700,9,192.168.88.253,43544,171,,congestion_avoidance,
2110,131131.359796,211800,9,192.168.88.253,43544,184,,congestion_avoidance,
2111,131131.364262,211900,9,192.168.88.253,43544,205,,congestion_avoidance,
2112,131131.368554,212000,9,192.168.88.253,43544,172,,congestion_avoidance,
2113,131131.373127,212100,9,192.168.88.253,43544,190,,congestion_avoidance,
2114,131131.377766,212200,9,192.168.88.253,43544,200,,congestion_avoidance,
2115,131131.382189,212300,9,192.168.88.253,43544,209,,congestion_avoidance,
2116,131131.386906,212400,9,192.168.88.253,43544,217,,congestion_avoidance,
2117,131131.391369,212500,9,192.168.88.253,43544,190,,congestion_avoidance,
2118,131131.395809,212600,9,192.168.88.253,43544,158,,congestion_avoidance,
2119,131131.400096,212700,9,192.168.88.253,43544,174,,congestion_avoidance,
2120,131131.404848,212800,9,192.168.88.253,43544,199,,congestion_avoidance,
2121,131131.409563,212900,9,192.168.88.253,43544,208,,congestion_avoidance,
2122,131131.413827,213000,9,192.168.88.253,43544,203,,congestion_avoidance,
2123,131131.418206,213100,9,192.168.88.253,43544,209,,congestion_avoidance,
2124,131131.422674,213200,9,192.168.88.253,43544,179,,congestion_avoidance,
2125,131131.427461,213300,9,192.168.88.253,43544,166,,congestion_avoidance,
2126,131131.431567,213400,9,192.168.88.253,43544,257,,congestion_avoidance,
2127,131131.436350,213500,9,192.168.88.253,43544,190,,congestion_avoidance,
2128,131131.441131,213600,9,192.168.88.253,43544,219,,congestion_avoidance,
2129,131131.445925,213700,9,192.168.88.253,43544,189,,congestion_avoidance,
2130,131131.450817,213800,9,192.168.88.253,43544,193,,congestion_avoidance,
2131,131131.455565,213900,9,192.168.88.253,43544,194,,congestion_avoidance,
2132,131131.459725,214000,9,192.168.88.253,43544,227,,congestion_avoidance,
2133,131131.464201,214100,9,192.168.88.253,43544,215,,congestion_avoidance,
2134,131131.468318,214200,9,192.168.88.253,43544,177,,congestion_avoidance,
2135,131131.472428,214300,9,192.168.88.253,43544,170,,congestion_avoidance,
2136,131131.476498,214400,9,192.168.88.253,43544,169,,congestion_avoidance,
2137,131131.480568,214500,9,192.168.88.253,43544,165,,congestion_avoidance,
2138,131131.484759,214600,9,192.168.88.253,43544,168,,congestion_avoidance,
2139,131131.488810,214700,9,192.168.88.253,43544,198,,congestion_avoidance,
2140,131131.492897,214800,9,192.168.88.253,43544,169,,congestion_avoidance,
2141,131131.496939,214900,9,192.168.88.253,43544,188,,congestion_avoidance,
2142,131131.501642,215000,9,192.168.88.253,43544,194,,congestion_avoidance,
2143,131131.505983,215100,9,192.168.88.253,43544,173,,congestion_avoidance,
2144,131131.510084,215200,9,192.168.88.253,43544,154,,congestion_avoidance,
2145,131131.514309,215300,9,192.168.88.253,43544,191,,congestion_avoidance,
2146,131131.518424,215400,9,192.168.88.253,43544,225,,congestion_avoidance,
2147,131131.522523,215500,9,192.168.88.253,43544,189,,congestion_avoidance,
2148,131131.526912,215600,9,192.168.88.253,43544,200,,congestion_avoidance,
2149,131131.531643,215700,9,192.168.88.253,43544,172,,congestion_avoidance,
2150,131131.535864,215800,9,192.168.88.253,43544,217,,congestion_avoidance,
2151,131131.540093,215900,9,192.168.88.253,43544,172,,congestion_avoidance,
2152,131131.544849,216000,9,192.168.88.253,43544,203,,congestion_avoidance,
2153,131131.549566,216100,9,192.168.88.253,43544,163,,congestion_avoidance,
2154,131131.554143,216200,9,192.168.88.253,43544,156,,congestion_avoidance,
2155,131131.558959,216300,9,192.168.88.253,43544,188,,congestion_avoidance,
2156,131131.563219,216400,9,192.168.88.253,43544,190,,congestion_avoidance,
2157,131131.567674,216500,9,192.168.88.253,43544,237,,congestion_avoidance,
2158,131131.572289,216600,9,192.168.88.253,43544,184,,congestion_avoidance,
2159,131131.576629,216700,9,192.168.88.253,43544,206,,congestion_avoidance,
2160,131131.581255,216800,9,192.168.88.253,43544,146,,congestion_avoidance,
2161,131131.585849,216900,9,192.168.88.253,43544,165,,congestion_avoidance,
2162,131131.589939,217000,9,192.168.88.253,43544,226,,congestion_avoidance,
2163,131131.594031,217100,9,192.168.88.253,43544,162,,congestion_avoidance,
2164,131131.598107,217200,9,192.168.88.253,43544,170,,congestion_avoidance,
2165,131131.602223,217300,9,192.168.88.253,43544,167,,congestion_avoidance,
2166,131131.606355,217400,9,192.168.88.253,43544,194,,congestion_avoidance,
2167,131131.610435,217500,9,192.168.88.253,43544,167,,congestion_avoidance,
2168,131131.614506,217600,9,192.168.88.253,43544,168,,congestion_avoidance,
2169,131131.618797,217700,9,192.168.88.253,43544,213,,congestion_avoidance,
2170,131131.622810,217800,9,192.168.88.253,43544,195,,congestion_avoidance,
2171,131131.626854,217900,9,192.168.88.253,43544,213,,congestion_avoidance,
2172,131131.631079,218000,9,192.168.88.253,43544,170,,congestion_avoidance,
2173,131131.635147,218100,9,192.168.88.253,43544,170,,congestion_avoidance,
2174,131131.639670,218200,9,192.168.88.253,43544,165,,congestion_avoidance,
2175,131131.643774,218300,9,192.168.88.253,43544,213,,congestion_avoidance,
2176,131131.647894,218400,9,192.168.88.253,43544,212,,congestion_avoidance,
2177,131131.652013,218500,9,192.168.88.253,43544,216,,congestion_avoidance,
2178,131131.656194,218600,9,192.168.88.253,43544,207,,congestion_avoidance,
2179,131131.660480,218700,9,192.168.88.253,43544,227,,congestion_avoidance,
2180,131131.664694,218800,9,192.168.88.253,43544,197,,congestion_avoidance,
2181,131131.668725,218900,9,192.168.88.253,43544,203,,congestion_avoidance,
2182,131131.672809,219000,9,192.168.88.253,43544,206,,congestion_avoidance,
2183,131131.676930,219100,9,192.168.88.253,43544,207,,congestion_avoidance,
2184,131131.681051,219200,9,192.168.88.253,43544,208,,congestion_avoidance,
2185,131131.685169,219300,9,192.168.88.253,43544,214,,congestion_avoidance,
2186,131131.689311,219400,9,192.168.88.253,43544,210,,congestion_avoidance,
2187,131131.693429,219500,9,192.168.88.253,43544,200,,congestion_avoidance,
2188,131131.697509,219600,9,192.168.88.253,43544,220,,congestion_avoidance,
2189,131131.701640,219700,9,192.168.88.253,43544,187,,congestion_avoidance,
2190,131131.705773,219800,9,192.168.88.253,43544,213,,congestion_avoidance,
2191,131131.709708,219900,9,192.168.88.253,43544,194,,congestion_avoidance,
2192,131131.713777,220000,9,192.168.88.253,43544,167,,congestion_avoidance,
2193,131131.717942,220100,9,192.168.88.253,43544,191,,congestion_avoidance,
2194,131131.721986,220200,9,192.168.88.253,43544,190,,congestion_avoidance,
2195,131131.726083,220300,9,192.168.88.253,43544,192,,congestion_avoidance,
2196,131131.730176,220400,9,192.168.88.253,43544,210,,congestion_avoidance,
2197,131131.734250,220500,9,192.168.88.253,43544,212,,congestion_avoidance,
2198,131131.738694,220600,9,192.168.88.253,43544,203,,congestion_avoidance,
2199,131131.742919,220700,9,192.168.88.253,43544,168,,congestion_avoidance,
2200,131131.746988,220800,9,192.168.88.253,43544,168,,congestion_avoidance,
2201,131131.751104,220900,9,192.168.88.253,43544,187,,congestion_avoidance,
2202,131131.755200,221000,9,192.168.88.253,43544,168,,congestion_avoidance,
2203,131131.759322,221100,9,192.168.88.253,43544,174,,congestion_avoidance,
2204,131131.763389,221200,9,192.168.88.253,43544,169,,congestion_avoidance,
2205,131131.767458,221300,9,192.168.88.253,43544,171,,congestion_avoidance,
2206,131131.771480,221400,9,192.168.88.253,43544,169,,congestion_avoidance,
2207,131131.775585,221500,9,192.168.88.253,43544,199,,congestion_avoidance,
2208,131131.779679,221600,9,192.168.88.253,43544,237,,congestion_avoidance,
2209,131131.784001,221700,9,192.168.88.253,43544,205,,congestion_avoidance,
2210,131131.788251,221800,9,192.168.88.253,43544,217,,congestion_avoidance,
2211,131131.792296,221900,9,192.168.88.253,43544,231,,congestion_avoidance,
2212,131131.796780,222000,9,192.168.88.253,43544,177,,congestion_avoidance,
2213,131131.800887,222100,9,192.168.88.253,43544,163,,congestion_avoidance,
2214,131131.805344,222200,9,192.168.88.253,43544,169,,congestion_avoidance,
2215,131131.809440,222300,9,192.168.88.253,43544,173,,congestion_avoidance,
2216,131131.813848,222400,9,192.168.88.253,43544,164,,congestion_avoidance,
2217,131131.818317,222500,9,192.168.88.253,43544,205,,congestion_avoidance,
2218,131131.822771,222600,9,192.168.88.253,43544,203,,congestion_avoidance,
2219,131131.827203,222700,9,192.168.88.253,43544,179,,congestion_avoidance,
2220,131131.831607,222800,9,192.168.88.253,43544,174,,congestion_avoidance,
2221,131131.836107,222900,9,192.168.88.253,43544,204,,congestion_avoidance,
2222,131131.840172,223000,9,192.168.88.253,43544,213,,congestion_avoidance,
2223,131131.844236,223100,9,192.168.88.253,43544,206,,congestion_avoidance,
2224,131131.848305,223200,9,192.168.88.253,43544,211,,congestion_avoidance,
2225,131131.852751,223300,9,192.168.88.253,43544,191,,congestion_avoidance,
2226,131131.857196,223400,9,192.168.88.253,43544,182,,congestion_avoidance,
2227,131131.861637,223500,9,192.168.88.253,43544,186,,congestion_avoidance,
2228,131131.866073,223600,9,192.168.88.253,43544,169,,congestion_avoidance,
2229,131131.870543,223700,9,192.168.88.253,43544,203,,congestion_avoidance,
2230,131131.874914,223800,9,192.168.88.253,43544,209,,congestion_avoidance,
2231,131131.879032,223900,9,192.168.88.253,43544,144,,congestion_avoidance,
2232,131131.883147,224000,9,192.168.88.253,43544,191,,congestion_avoidance,
2233,131131.887294,224100,9,192.168.88.253,43544,172,,congestion_avoidance,
2234,131131.891408,224200,9,192.168.88.253,43544,204,,congestion_avoidance,
2235,131131.895675,224300,9,192.168.88.253,43544,210,,congestion_avoidance,
2236,131131.899799,224400,9,192.168.88.253,43544,212,,congestion_avoidance,
2237,131131.903982,224500,9,192.168.88.253,43544,203,,congestion_avoidance,
2238,131131.908258,224600,9,192.168.88.253,43544,149,,congestion_avoidance,
2239,131131.912733,224700,9,192.168.88.253,43544,209,,congestion_avoidance,
2240,131131.916789,224800,9,192.168.88.253,43544,204,,congestion_avoidance,
2241,131131.920869,224900,9,192.168.88.253,43544,195,,congestion_avoidance,
2242,131131.925347,225000,9,192.168.88.253,43544,192,,congestion_avoidance,
2243,131131.929840,225100,9,192.168.88.253,43544,173,,congestion_avoidance,
2244,131131.934288,225200,9,192.168.88.253,43544,192,,congestion_avoidance,
2245,131131.938729,225300,9,192.168.88.253,43544,192,,congestion_avoidance,
2246,131131.943056,225400,9,192.168.88.253,43544,208,,congestion_avoidance,
2247,131131.947297,225500,9,192.168.88.253,43544,170,,congestion_avoidance,
2248,131131.951806,225600,9,192.168.88.253,43544,200,,congestion_avoidance,
2249,131131.956235,225700,9,192.168.88.253,43544,214,,congestion_avoidance,
2250,131131.960273,225800,9,192.168.88.253,43544,186,,congestion_avoidance,
2251,131131.965099,225900,9,192.168.88.253,43544,170,,congestion_avoidance,
2252,131131.969168,226000,9,192.168.88.253,43544,192,,congestion_avoidance,
2253,131131.973654,226100,9,192.168.88.253,43544,170,,congestion_avoidance,
2254,131131.978520,226200,9,192.168.88.253,43544,170,,congestion_avoidance,
2255,131131.983468,226300,9,192.168.88.253,43544,146,,congestion_avoidance,
2256,131131.987967,226400,9,192.168.88.253,43544,185,,congestion_avoidance,
2257,131131.992621,226500,9,192.168.88.253,43544,202,,congestion_avoidance,
2258,131131.996953,226600,9,192.168.88.253,43544,203,,congestion_avoidance,
2259,131132.001635,226700,9,192.168.88.253,43544,147,,congestion_avoidance,
2260,131132.006161,226800,9,192.168.88.253,43544,208,,congestion_avoidance,
2261,131132.010275,226900,9,192.168.88.253,43544,189,,congestion_avoidance,
2262,131132.014777,227000,9,192.168.88.253,43544,202,,congestion_avoidance,
2263,131132.019177,227100,9,192.168.88.253,43544,198,,congestion_avoidance,
2264,131132.023627,227200,9,192.168.88.253,43544,196,,congestion_avoidance,
2265,131132.028400,227300,9,192.168.88.253,43544,180,,congestion_avoidance,
2266,131132.033187,227400,9,192.168.88.253,43544,158,,congestion_avoidance,
2267,131132.037553,227500,9,192.168.88.253,43544,165,,congestion_avoidance,
2268,131132.042477,227600,9,192.168.88.253,43544,145,,congestion_avoidance,
2269,131132.046994,227700,9,192.168.88.253,43544,198,,congestion_avoidance,
2270,131132.051357,227800,9,192.168.88.253,43544,233,,congestion_avoidance,
2271,131132.055967,227900,9,192.168.88.253,43544,194,,congestion_avoidance,
2272,131132.060699,228000,9,192.168.88.253,43544,170,,congestion_avoidance,
2273,131132.065418,228100,9,192.168.88.253,43544,182,,congestion_avoidance,
2274,131132.070039,228200,9,192.168.88.253,43544,218,,congestion_avoidance,
2275,131132.074461,228300,9,192.168.88.253,43544,209,,congestion_avoidance,
2276,131132.077384,228366,9,192.168.88.253,43544,257,,loss_recovery,
2277,131132.077629,228371,4,192.168.88.253,43544,100,,congestion_avoidance,
2278,131132.079035,228400,9,192.168.88.253,43544,135,,congestion_avoidance,
2279,131132.083680,228500,9,192.168.88.253,43544,144,,congestion_avoidance,
2280,131132.088088,228600,9,192.168.88.253,43544,169,,congestion_avoidance,
2281,131132.092354,228700,9,192.168.88.253,43544,184,,congestion_avoidance,
2282,131132.096689,228800,9,192.168.88.253,43544,199,,congestion_avoidance,
2283,131132.101026,228900,9,192.168.88.253,43544,232,,congestion_avoidance,
2284,131132.105530,229000,9,192.168.88.253,43544,209,,congestion_avoidance,
2285,131132.110305,229100,9,192.168.88.253,43544,154,,congestion_avoidance,
2286,131132.114542,229200,9,192.168.88.253,43544,209,,congestion_avoidance,
2287,131132.118601,229300,9,192.168.88.253,43544,207,,congestion_avoidance,
2288,131132.122751,229400,9,192.168.88.253,43544,192,,congestion_avoidance,
2289,131132.127199,229500,9,192.168.88.253,43544,206,,congestion_avoidance,
2290,131132.131589,229600,9,192.168.88.253,43544,138,,congestion_avoidance,
2291,131132.136123,229700,9,192.168.88.253,43544,164,,congestion_avoidance,
2292,131132.140448,229800,9,192.168.88.253,43544,228,,congestion_avoidance,
2293,131132.144608,229900,9,192.168.88.253,43544,211,,congestion_avoidance,
2294,131132.148856,230000,9,192.168.88.253,43544,205,,congestion_avoidance,
2295,131132.153374,230100,9,192.168.88.253,43544,193,,congestion_avoidance,
2296,131132.157416,230200,9,192.168.88.253,43544,179,,congestion_avoidance,
2297,131132.162150,230300,9,192.168.88.253,43544,217,,congestion_avoidance,
2298,131132.166863,230400,9,192.168.88.253,43544,193,,congestion_avoidance,
2299,131132.171147,230500,9,192.168.88.253,43544,188,,congestion_avoidance,
2300,131132.175962,230600,9,192.168.88.253,43544,208,,congestion_avoidance,
2301,131132.180724,230700,9,192.168.88.253,43544,196,,congestion_avoidance,
2302,131132.185567,230800,9,192.168.88.253,43544,195,,congestion_avoidance,
2303,131132.189986,230900,9,192.168.88.253,43544,141,,congestion_avoidance,
2304,131132.194718,231000,9,192.168.88.253,43544,188,,congestion_avoidance,
2305,131132.199515,231100,9,192.168.88.253,43544,177,,congestion_avoidance,
2306,131132.203763,231200,9,192.168.88.253,43544,174,,congestion_avoidance,
2307,131132.207829,231300,9,192.168.88.253,43544,170,,congestion_avoidance,
2308,131132.212209,231400,9,192.168.88.253,43544,189,,congestion_avoidance,
2309,131132.216720,231500,9,192.168.88.253,43544,210,,congestion_avoidance,
2310,131132.221321,231600,9,192.168.88.253,43544,186,,congestion_avoidance,
2311,131132.225671,231700,9,192.168.88.253,43544,218,,congestion_avoidance,
2312,131132.230017,231800,9,192.168.88.253,43544,191,,congestion_avoidance,
2313,131132.234354,231900,9,192.168.88.253,43544,192,,congestion_avoidance,
2314,131132.239096,232000,9,192.168.88.253,43544,167,,congestion_avoidance,
2315,131132.243479,232100,9,192.168.88.253,43544,190,,congestion_avoidance,
2316,131132.248045,232200,9,192.168.88.253,43544,206,,congestion_avoidance,
2317,131132.252625,232300,9,192.168.88.253,43544,199,,congestion_avoidance,
2318,131132.257315,232400,9,192.168.88.253,43544,187,,congestion_avoidance,
2319,131132.261427,232500,9,192.168.88.253,43544,184,,congestion_avoidance,
2320,131132.265746,232600,9,192.168.88.253,43544,191,,congestion_avoidance,
2321,131132.269803,232700,9,192.168.88.253,43544,221,,congestion_avoidance,
2322,131132.274645,232800,9,192.168.88.253,43544,203,,congestion_avoidance,
2323,131132.279225,232900,9,192.168.88.253,43544,215,,congestion_avoidance,
2324,131132.283343,233000,9,192.168.88.253,43544,199,,congestion_avoidance,
2325,131132.287591,233100,9,192.168.88.253,43544,160,,congestion_avoidance,
2326,131132.291667,233200,9,192.168.88.253,43544,168,,congestion_avoidance,
2327,131132.296126,233300,9,192.168.88.253,43544,171,,congestion_avoidance,
2328,131132.300627,233400,9,192.168.88.253,43544,192,,congestion_avoidance,
2329,131132.305110,233500,9,192.168.88.253,43544,190,,congestion_avoidance,
2330,131132.309563,233600,9,192.168.88.253,43544,187,,congestion_avoidance,
2331,131132.314000,233700,9,192.168.88.253,43544,204,,congestion_avoidance,
2332,131132.318127,233800,9,192.168.88.253,43544,194,,congestion_avoidance,
2333,131132.322420,233900,9,192.168.88.253,43544,206,,congestion_avoidance,
2334,131132.326548,234000,9,192.168.88.253,43544,208,,congestion_avoidance,
2335,131132.330944,234100,9,192.168.88.253,43544,155,,congestion_avoidance,
2336,131132.335049,234200,9,192.168.88.253,43544,184,,congestion_avoidance,
2337,131132.339118,234300,9,192.168.88.253,43544,184,,congestion_avoidance,
2338,131132.343179,234400,9,192.168.88.253,43544,196,,congestion_avoidance,
2339,131132.347620,234500,9,192.168.88.253,43544,187,,congestion_avoidance,
2340,131132.352126,234600,9,192.168.88.253,43544,190,,congestion_avoidance,
2341,131132.356763,234700,9,192.168.88.253,43544,115,,congestion_avoidance,
2342,131132.360874,234800,9,192.168.88.253,43544,170,,congestion_avoidance,
2343,131132.364993,234900,9,192.168.88.253,43544,207,,congestion_avoidance,
2344,131132.369114,235000,9,192.168.88.253,43544,169,,congestion_avoidance,
2345,131132.373421,235100,9,192.168.88.253,43544,205,,congestion_avoidance,
2346,131132.377539,235200,9,192.168.88.253,43544,196,,congestion_avoidance,
2347,131132.381660,235300,9,192.168.88.253,43544,189,,congestion_avoidance,
2348,131132.385781,235400,9,192.168.88.253,43544,170,,congestion_avoidance,
2349,131132.389830,235500,9,192.168.88.253,43544,237,,congestion_avoidance,
2350,131132.393912,235600,9,192.168.88.253,43544,159,,congestion_avoidance,
2351,131132.398176,235700,9,192.168.88.253,43544,208,,congestion_avoidance,
2352,131132.402305,235800,9,192.168.88.253,43544,218,,congestion_avoidance,
2353,131132.406583,235900,9,192.168.88.253,43544,221,,congestion_avoidance,
2354,131132.411067,236000,9,192.168.88.253,43544,167,,congestion_avoidance,
2355,131132.415159,236100,9,192.168.88.253,43544,167,,congestion_avoidance,
2356,131132.419231,236200,9,192.168.88.253,43544,172,,congestion_avoidance,
2357,131132.423686,236300,9,192.168.88.253,43544,181,,congestion_avoidance,
2358,131132.428111,236400,9,192.168.88.253,43544,207,,congestion_avoidance,
2359,131132.432511,236500,9,192.168.88.253,43544,200,,congestion_avoidance,
2360,131132.436722,236600,9,192.168.88.253,43544,211,,congestion_avoidance,
2361,131132.440791,236700,9,192.168.88.253,43544,173,,congestion_avoidance,
2362,131132.444934,236800,9,192.168.88.253,43544,171,,congestion_avoidance,
2363,131132.449118,236900,9,192.168.88.253,43544,189,,congestion_avoidance,
2364,131132.453652,237000,9,192.168.88.253,43544,192,,congestion_avoidance,
2365,131132.458025,237100,9,192.168.88.253,43544,211,,congestion_avoidance,
2366,131132.462445,237200,9,192.168.88.253,43544,167,,congestion_avoidance,
2367,131132.466974,237300,9,192.168.88.253,43544,174,,congestion_avoidance,
2368,131132.471432,237400,9,192.168.88.253,43544,166,,congestion_avoidance,
2369,131132.475813,237500,9,192.168.88.253,43544,189,,congestion_avoidance,
2370,131132.480262,237600,9,192.168.88.253,43544,205,,congestion_avoidance,
2371,131132.484698,237700,9,192.168.88.253,43544,183,,congestion_avoidance,
2372,131132.489195,237800,9,192.168.88.253,43544,176,,congestion_avoidance,
2373,131132.493814,237900,9,192.168.88.253,43544,185,,congestion_avoidance,
2374,131132.497881,238000,9,192.168.88.253,43544,186,,congestion_avoidance,
2375,131132.501952,238100,9,192.168.88.253,43544,191,,congestion_avoidance,
2376,131132.506199,238200,9,192.168.88.253,43544,187,,congestion_avoidance,
2377,131132.510339,238300,9,192.168.88.253,43544,167,,congestion_avoidance,
2378,131132.514843,238400,9,192.168.88.253,43544,169,,congestion_avoidance,
2379,131132.519218,238500,9,192.168.88.253,43544,183,,congestion_avoidance,
2380,131132.523735,238600,9,192.168.88.253,43544,171,,congestion_avoidance,
2381,131132.528145,238700,9,192.168.88.253,43544,171,,congestion_avoidance,
2382,131132.532527,238800,9,192.168.88.253,43544,190,,congestion_avoidance,
2383,131132.537051,238900,9,192.168.88.253,43544,180,,congestion_avoidance,
2384,131132.541493,239000,9,192.168.88.253,43544,168,,congestion_avoidance,
2385,131132.545612,239100,9,192.168.88.253,43544,168,,congestion_avoidance,
2386,131132.549680,239200,9,192.168.88.253,43544,170,,congestion_avoidance,
2387,131132.553781,239300,9,192.168.88.253,43544,198,,congestion_avoidance,
2388,131132.557930,239400,9,192.168.88.253,43544,220,,congestion_avoidance,
2389,131132.562021,239500,9,192.168.88.253,43544,155,,congestion_avoidance,
2390,131132.566064,239600,9,192.168.88.253,43544,170,,congestion_avoidance,
2391,131132.570198,239700,9,192.168.88.253,43544,192,,congestion_avoidance,
2392,131132.574342,239800,9,192.168.88.253,43544,196,,congestion_avoidance,
2393,131132.578418,239900,9,192.168.88.253,43544,219,,congestion_avoidance,
2394,131132.583567,240000,9,192.168.88.253,43544,118,,congestion_avoidance,
2395,131132.587939,240100,9,192.168.88.253,43544,169,,congestion_avoidance,
2396,131132.592764,240200,9,192.168.88.253,43544,204,,congestion_avoidance,
2397,131132.597915,240300,9,192.168.88.253,43544,136,,congestion_avoidance,
2398,131132.602431,240400,9,192.168.88.253,43544,208,,congestion_avoidance,
2399,131132.607268,240500,9,192.168.88.253,43544,198,,congestion_avoidance,
2400,131132.612028,240600,9,192.168.88.253,43544,230,,congestion_avoidance,
2401,131132.616305,240700,9,192.168.88.253,43544,160,,congestion_avoidance,
2402,131132.621528,240800,9,192.168.88.253,43544,198,,congestion_avoidance,
2403,131132.625864,240900,9,192.168.88.253,43544,165,,congestion_avoidance,
2404,131132.630549,241000,9,192.168.88.253,43544,217,,congestion_avoidance,
2405,131132.637113,241100,9,192.168.88.253,43544,130,,congestion_avoidance,
2406,131132.641440,241200,9,192.168.88.253,43544,213,,congestion_avoidance,
2407,131132.646112,241300,9,192.168.88.253,43544,147,,congestion_avoidance,
2408,131132.650858,241400,9,192.168.88.253,43544,161,,congestion_avoidance,
2409,131132.655220,241500,9,192.168.88.253,43544,164,,congestion_avoidance,
2410,131132.659915,241600,9,192.168.88.253,43544,204,,congestion_avoidance,
2411,131132.664484,241700,9,192.168.88.253,43544,181,,congestion_avoidance,
2412,131132.668793,241800,9,192.168.88.253,43544,186,,congestion_avoidance,
2413,131132.673369,241900,9,192.168.88.253,43544,221,,congestion_avoidance,
2414,131132.677988,242000,9,192.168.88.253,43544,187,,congestion_avoidance,
2415,131132.683148,242100,9,192.168.88.253,43544,126,,congestion_avoidance,
2416,131132.688797,242200,9,192.168.88.253,43544,197,,congestion_avoidance,
2417,131132.694516,242300,9,192.168.88.253,43544,166,,congestion_avoidance,
2418,131132.700445,242400,9,192.168.88.253,43544,255,,congestion_avoidance,
2419,131132.705979,242500,9,192.168.88.253,43544,198,,congestion_avoidance,
2420,131132.711417,242600,9,192.168.88.253,43544,191,,congestion_avoidance,
2421,131132.717123,242700,9,192.168.88.253,43544,188,,congestion_avoidance,
2422,131132.722798,242800,9,192.168.88.253,43544,203,,congestion_avoidance,
2423,131132.728802,242900,9,192.168.88.253,43544,186,,congestion_avoidance,
2424,131132.734635,243000,9,192.168.88.253,43544,198,,congestion_avoidance,
2425,131132.740200,243100,9,192.168.88.253,43544,162,,congestion_avoidance,
2426,131132.745896,243200,9,192.168.88.253,43544,148,,congestion_avoidance,
2427,131132.751630,243300,9,192.168.88.253,43544,164,,congestion_avoidance,
2428,131132.757067,243400,9,192.168.88.253,43544,227,,congestion_avoidance,
2429,131132.762847,243500,9,192.168.88.253,43544,246,,congestion_avoidance,
2430,131132.768615,243600,9,192.168.88.253,43544,170,,congestion_avoidance,
2431,131132.774461,243700,9,192.168.88.253,43544,225,,congestion_avoidance,
2432,131132.779929,243800,9,192.168.88.253,43544,145,,congestion_avoidance,
2433,131132.785993,243900,9,192.168.88.253,43544,204,,congestion_avoidance,
2434,131132.790894,244000,9,192.168.88.253,43544,158,,congestion_avoidance,
2435,131132.795270,244100,9,192.168.88.253,43544,169,,congestion_avoidance,
2436,131132.799673,244200,9,192.168.88.253,43544,172,,congestion_avoidance,
2437,131132.804216,244300,9,192.168.88.253,43544,226,,congestion_avoidance,
2438,131132.808730,244400,9,192.168.88.253,43544,170,,congestion_avoidance,
2439,131132.813399,244500,9,192.168.88.253,43544,174,,congestion_avoidance,
2440,131132.818860,244600,9,192.168.88.253,43544,214,,congestion_avoidance,
2441,131132.824164,244700,9,192.168.88.253,43544,175,,congestion_avoidance,
2442,131132.829510,244800,9,192.168.88.253,43544,216,,congestion_avoidance,
2443,131132.834461,244900,9,192.168.88.253,43544,197,,congestion_avoidance,
2444,131132.838650,245000,9,192.168.88.253,43544,204,,congestion_avoidance,
2445,131132.842765,245100,9,192.168.88.253,43544,174,,congestion_avoidance,
2446,131132.846899,245200,9,192.168.88.253,43544,182,,congestion_avoidance,
2447,131132.850969,245300,9,192.168.88.253,43544,189,,congestion_avoidance,
2448,131132.855453,245400,9,192.168.88.253,43544,190,,congestion_avoidance,
2449,131132.859645,245500,9,192.168.88.253,43544,164,,congestion_avoidance,
2450,131132.864114,245600,9,192.168.88.253,43544,209,,congestion_avoidance,
2451,131132.868635,245700,9,192.168.88.253,43544,173,,congestion_avoidance,
2452,131132.873014,245800,9,192.168.88.253,43544,186,,congestion_avoidance,
2453,131132.877449,245900,9,192.168.88.253,43544,189,,congestion_avoidance,
2454,131132.881898,246000,9,192.168.88.253,43544,182,,congestion_avoidance,
2455,131132.886340,246100,9,192.168.88.253,43544,166,,congestion_avoidance,
2456,131132.890749,246200,9,192.168.88.253,43544,170,,congestion_avoidance,
2457,131132.894840,246300,9,192.168.88.253,43544,188,,congestion_avoidance,
2458,131132.899153,246400,9,192.168.88.253,43544,212,,congestion_avoidance,
2459,131132.903271,246500,9,192.168.88.253,43544,211,,congestion_avoidance,
2460,131132.907398,246600,9,192.168.88.253,43544,218,,congestion_avoidance,
2461,131132.911760,246700,9,192.168.88.253,43544,203,,congestion_avoidance,
2462,131132.915893,246800,9,192.168.88.253,43544,200,,congestion_avoidance,
2463,131132.919899,246900,9,192.168.88.253,43544,169,,congestion_avoidance,
2464,131132.923996,247000,9,192.168.88.253,43544,180,,congestion_avoidance,
2465,131132.928103,247100,9,192.168.88.253,43544,171,,congestion_avoidance,
2466,131132.932172,247200,9,192.168.88.253,43544,170,,congestion_avoidance,
2467,131132.936261,247300,9,192.168.88.253,43544,190,,congestion_avoidance,
2468,131132.940406,247400,9,192.168.88.253,43544,222,,congestion_avoidance,
2469,131132.944840,247500,9,192.168.88.253,43544,205,,congestion_avoidance,
2470,131132.949369,247600,9,192.168.88.253,43544,167,,congestion_avoidance,
2471,131132.953743,247700,9,192.168.88.253,43544,180,,congestion_avoidance,
2472,131132.958208,247800,9,192.168.88.253,43544,191,,congestion_avoidance,
2473,131132.962717,247900,9,192.168.88.253,43544,168,,congestion_avoidance,
2474,131132.967195,248000,9,192.168.88.253,43544,189,,congestion_avoidance,
2475,131132.971646,248100,9,192.168.88.253,43544,214,,congestion_avoidance,
2476,131132.976175,248200,9,192.168.88.253,43544,183,,congestion_avoidance,
2477,131132.980628,248300,9,192.168.88.253,43544,201,,congestion_avoidance,
2478,131132.985053,248400,9,192.168.88.253,43544,169,,congestion_avoidance,
2479,131132.989522,248500,9,192.168.88.253,43544,203,,congestion_avoidance,
2480,131132.993963,248600,9,192.168.88.253,43544,188,,congestion_avoidance,
2481,131132.998408,248700,9,192.168.88.253,43544,179,,congestion_avoidance,
2482,131133.002980,248800,9,192.168.88.253,43544,209,,congestion_avoidance,
2483,131133.007292,248900,9,192.168.88.253,43544,210,,congestion_avoidance,
2484,131133.011681,249000,9,192.168.88.253,43544,174,,congestion_avoidance,
2485,131133.015753,249100,9,192.168.88.253,43544,161,,congestion_avoidance,
2486,131133.020203,249200,9,192.168.88.253,43544,193,,congestion_avoidance,
2487,131133.024171,249300,9,192.168.88.253,43544,192,,congestion_avoidance,
2488,131133.028318,249400,9,192.168.88.253,43544,187,,congestion_avoidance,
2489,131133.032553,249500,9,192.168.88.253,43544,251,,congestion_avoidance,
2490,131133.036653,249600,9,192.168.88.253,43544,207,,congestion_avoidance,
2491,131133.040735,249700,9,192.168.88.253,43544,221,,congestion_avoidance,
2492,131133.044865,249800,9,192.168.88.253,43544,190,,congestion_avoidance,
2493,131133.048935,249900,9,192.168.88.253,43544,207,,congestion_avoidance,
2494,131133.053344,250000,9,192.168.88.253,43544,207,,congestion_avoidance,
2495,131133.057966,250100,9,192.168.88.253,43544,189,,congestion_avoidance,
2496,131133.062120,250200,9,192.168.88.253,43544,161,,congestion_avoidance,
2497,131133.066227,250300,9,192.168.88.253,43544,186,,congestion_avoidance,
2498,131133.070347,250400,9,192.168.88.253,43544,190,,congestion_avoidance,
2499,131133.074957,250500,9,192.168.88.253,43544,204,,congestion_avoidance,
2500,131133.079325,250600,9,192.168.88.253,43544,215,,congestion_avoidance,
2501,131133.083582,250700,9,192.168.88.253,43544,205,,congestion_avoidance,
2502,131133.087769,250800,9,192.168.88.253,43544,172,,congestion_avoidance,
2503,131133.092178,250900,9,192.168.88.253,43544,171,,congestion_avoidance,
2504,131133.099382,251000,9,192.168.88.253,43544,153,,congestion_avoidance,
2505,131133.103652,251100,9,192.168.88.253,43544,174,,congestion_avoidance,
2506,131133.108123,251200,9,192.168.88.253,43544,204,,congestion_avoidance,
2507,131133.112278,251300,9,192.168.88.253,43544,169,,congestion_avoidance,
2508,131133.117001,251400,9,192.168.88.253,43544,207,,congestion_avoidance,
2509,131133.121144,251500,9,192.168.88.253,43544,177,,congestion_avoidance,
2510,131133.125647,251600,9,192.168.88.253,43544,171,,congestion_avoidance,
2511,131133.130126,251700,9,192.168.88.253,43544,202,,congestion_avoidance,
2512,131133.134390,251800,9,192.168.88.253,43544,191,,congestion_avoidance,
2513,131133.138669,251900,9,192.168.88.253,43544,190,,congestion_avoidance,
2514,131133.143244,252000,9,192.168.88.253,43544,179,,congestion_avoidance,
2515,131133.147698,252100,9,192.168.88.253,43544,172,,congestion_avoidance,
2516,131133.151901,252200,9,192.168.88.253,43544,229,,congestion_avoidance,
2517,131133.155977,252300,9,192.168.88.253,43544,192,,congestion_avoidance,
2518,131133.166504,252500,9,192.168.88.253,43544,236,,congestion_avoidance,
2519,131133.171964,252600,9,192.168.88.253,43544,149,,congestion_avoidance,
2520,131133.177305,252700,9,192.168.88.253,43544,187,,congestion_avoidance,
2521,131133.182603,252800,9,192.168.88.253,43544,190,,congestion_avoidance,
2522,131133.187910,252900,9,192.168.88.253,43544,220,,congestion_avoidance,
2523,131133.193570,253000,9,192.168.88.253,43544,182,,congestion_avoidance,
2524,131133.198498,253100,9,192.168.88.253,43544,204,,congestion_avoidance,
2525,131133.203853,253200,9,192.168.88.253,43544,140,,congestion_avoidance,
2526,131133.209276,253300,9,192.168.88.253,43544,177,,congestion_avoidance,
2527,131133.214498,253400,9,192.168.88.253,43544,165,,congestion_avoidance,
2528,131133.219660,253500,9,192.168.88.253,43544,126,,congestion_avoidance,
2529,131133.224843,253600,9,192.168.88.253,43544,192,,congestion_avoidance,
2530,131133.230200,253700,9,192.168.88.253,43544,231,,congestion_avoidance,
2531,131133.235515,253800,9,192.168.88.253,43544,209,,congestion_avoidance,
2532,131133.240903,253900,9,192.168.88.253,43544,205,,congestion_avoidance,
2533,131133.246233,254000,9,192.168.88.253,43544,169,,congestion_avoidance,
2534,131133.251647,254100,9,192.168.88.253,43544,222,,congestion_avoidance,
2535,131133.257133,254200,9,192.168.88.253,43544,188,,congestion_avoidance,
2536,131133.262326,254300,9,192.168.88.253,43544,214,,congestion_avoidance,
2537,131133.267573,254400,9,192.168.88.253,43544,216,,congestion_avoidance,
2538,131133.272805,254500,9,192.168.88.253,43544,186,,congestion_avoidance,
2539,131133.277996,254600,9,192.168.88.253,43544,222,,congestion_avoidance,
2540,131133.283294,254700,9,192.168.88.253,43544,167,,congestion_avoidance,
2541,131133.288527,254800,9,192.168.88.253,43544,168,,congestion_avoidance,
2542,131133.293615,254900,9,192.168.88.253,43544,167,,congestion_avoidance,
2543,131133.299043,255000,9,192.168.88.253,43544,169,,congestion_avoidance,
2544,131133.304226,255100,9,192.168.88.253,43544,215,,congestion_avoidance,
2545,131133.309554,255200,9,192.168.88.253,43544,154,,congestion_avoidance,
2546,131133.314994,255300,9,192.168.88.253,43544,223,,congestion_avoidance,
2547,131133.320234,255400,9,192.168.88.253,43544,155,,congestion_avoidance,
2548,131133.325722,255500,9,192.168.88.253,43544,179,,congestion_avoidance,
2549,131133.330751,255600,9,192.168.88.253,43544,171,,congestion_avoidance,
2550,131133.334820,255700,9,192.168.88.253,43544,168,,congestion_avoidance,
2551,131133.339477,255800,9,192.168.88.253,43544,195,,congestion_avoidance,
2552,131133.343710,255900,9,192.168.88.253,43544,211,,congestion_avoidance,
2553,131133.347828,256000,9,192.168.88.253,43544,168,,congestion_avoidance,
2554,131133.351943,256100,9,192.168.88.253,43544,208,,congestion_avoidance,
2555,131133.356061,256200,9,192.168.88.253,43544,197,,congestion_avoidance,
2556,131133.360288,256300,9,192.168.88.253,43544,173,,congestion_avoidance,
2557,131133.364397,256400,9,192.168.88.253,43544,172,,congestion_avoidance,
2558,131133.368485,256500,9,192.168.88.253,43544,188,,congestion_avoidance,
2559,131133.372555,256600,9,192.168.88.253,43544,187,,congestion_avoidance,
2560,131133.376614,256700,9,192.168.88.253,43544,191,,congestion_avoidance,
2561,131133.380868,256800,9,192.168.88.253,43544,158,,congestion_avoidance,
2562,131133.385350,256900,9,192.168.88.253,43544,170,,congestion_avoidance,
2563,131133.389396,257000,9,192.168.88.253,43544,232,,congestion_avoidance,
2564,131133.393799,257100,9,192.168.88.253,43544,187,,congestion_avoidance,
2565,131133.397860,257200,9,192.168.88.253,43544,186,,congestion_avoidance,
2566,131133.401967,257300,9,192.168.88.253,43544,168,,congestion_avoidance,
2567,131133.406414,257400,9,192.168.88.253,43544,158,,congestion_avoidance,
2568,131133.410494,257500,9,192.168.88.253,43544,169,,congestion_avoidance,
2569,131133.414864,257600,9,192.168.88.253,43544,216,,congestion_avoidance,
2570,131133.419047,257700,9,192.168.88.253,43544,170,,congestion_avoidance,
2571,131133.423500,257800,9,192.168.88.253,43544,167,,congestion_avoidance,
2572,131133.427973,257900,9,192.168.88.253,43544,207,,congestion_avoidance,
2573,131133.432409,258000,9,192.168.88.253,43544,182,,congestion_avoidance,
2574,131133.436907,258100,9,192.168.88.253,43544,179,,congestion_avoidance,
2575,131133.441307,258200,9,192.168.88.253,43544,224,,congestion_avoidance,
2576,131133.445761,258300,9,192.168.88.253,43544,187,,congestion_avoidance,
2577,131133.449920,258400,9,192.168.88.253,43544,164,,congestion_avoidance,
2578,131133.454010,258500,9,192.168.88.253,43544,182,,congestion_avoidance,
2579,131133.458108,258600,9,192.168.88.253,43544,223,,congestion_avoidance,
2580,131133.462488,258700,9,192.168.88.253,43544,155,,congestion_avoidance,
2581,131133.466362,258800,9,192.168.88.253,43544,216,,congestion_avoidance,
2582,131133.470495,258900,9,192.168.88.253,43544,207,,congestion_avoidance,
2583,131133.474623,259000,9,192.168.88.253,43544,221,,congestion_avoidance,
2584,131133.478743,259100,9,192.168.88.253,43544,226,,congestion_avoidance,
2585,131133.482907,259200,9,192.168.88.253,43544,212,,congestion_avoidance,
2586,131133.487030,259300,9,192.168.88.253,43544,182,,congestion_avoidance,
2587,131133.491453,259400,9,192.168.88.253,43544,178,,congestion_avoidance,
2588,131133.495928,259500,9,192.168.88.253,43544,190,,congestion_avoidance,
2589,131133.500049,259600,9,192.168.88.253,43544,210,,congestion_avoidance,
2590,131133.504177,259700,9,192.168.88.253,43544,223,,congestion_avoidance,
2591,131133.508554,259800,9,192.168.88.253,43544,193,,congestion_avoidance,
2592,131133.513643,259900,9,192.168.88.253,43544,177,,congestion_avoidance,
2593,131133.519309,260000,9,192.168.88.253,43544,168,,congestion_avoidance,
2594,131133.524650,260100,9,192.168.88.253,43544,173,,congestion_avoidance,
2595,131133.529891,260200,9,192.168.88.253,43544,158,,congestion_avoidance,
2596,131133.535008,260300,9,192.168.88.253,43544,160,,congestion_avoidance,
2597,131133.540362,260400,9,192.168.88.253,43544,168,,congestion_avoidance,
2598,131133.546078,260500,9,192.168.88.253,43544,169,,congestion_avoidance,
2599,131133.551266,260600,9,192.168.88.253,43544,142,,congestion_avoidance,
2600,131133.556520,260700,9,192.168.88.253,43544,189,,congestion_avoidance,
2601,131133.561800,260800,9,192.168.88.253,43544,188,,congestion_avoidance,
2602,131133.567149,260900,9,192.168.88.253,43544,208,,congestion_avoidance,
2603,131133.572359,261000,9,192.168.88.253,43544,190,,congestion_avoidance,
2604,131133.577836,261100,9,192.168.88.253,43544,164,,congestion_avoidance,
2605,131133.583261,261200,9,192.168.88.253,43544,190,,congestion_avoidance,
2606,131133.588789,261300,9,192.168.88.253,43544,158,,congestion_avoidance,
2607,131133.593784,261400,9,192.168.88.253,43544,211,,congestion_avoidance,
2608,131133.599013,261500,9,192.168.88.253,43544,214,,congestion_avoidance,
2609,131133.604192,261600,9,192.168.88.253,43544,203,,congestion_avoidance,
2610,131133.609496,261700,9,192.168.88.253,43544,214,,congestion_avoidance,
2611,131133.614617,261800,9,192.168.88.253,43544,211,,congestion_avoidance,
2612,131133.619865,261900,9,192.168.88.253,43544,189,,congestion_avoidance,
2613,131133.625389,262000,9,192.168.88.253,43544,175,,congestion_avoidance,
2614,131133.630818,262100,9,192.168.88.253,43544,189,,congestion_avoidance,
2615,131133.636119,262200,9,192.168.88.253,43544,147,,congestion_avoidance,
2616,131133.641196,262300,9,192.168.88.253,43544,159,,congestion_avoidance,
2617,131133.646277,262400,9,192.168.88.253,43544,149,,congestion_avoidance,
2618,131133.651598,262500,9,192.168.88.253,43544,170,,congestion_avoidance,
2619,131133.657063,262600,9,192.168.88.253,43544,211,,congestion_avoidance,
2620,131133.662329,262700,9,192.168.88.253,43544,218,,congestion_avoidance,
2621,131133.672869,262900,9,192.168.88.253,43544,239,,congestion_avoidance,
2622,131133.677908,263000,9,192.168.88.253,43544,197,,congestion_avoidance,
2623,131133.683127,263100,9,192.168.88.253,43544,194,,congestion_avoidance,
2624,131133.688540,263200,9,192.168.88.253,43544,217,,congestion_avoidance,
2625,131133.693791,263300,9,192.168.88.253,43544,159,,congestion_avoidance,
2626,131133.698916,263400,9,192.168.88.253,43544,195,,congestion_avoidance,
2627,131133.703098,263500,9,192.168.88.253,43544,167,,congestion_avoidance,
2628,131133.707717,263600,9,192.168.88.253,43544,206,,congestion_avoidance,
2629,131133.711866,263700,9,192.168.88.253,43544,189,,congestion_avoidance,
2630,131133.716299,263800,9,192.168.88.253,43544,191,,congestion_avoidance,
2631,131133.720452,263900,9,192.168.88.253,43544,200,,congestion_avoidance,
2632,131133.724949,264000,9,192.168.88.253,43544,206,,congestion_avoidance,
2633,131133.729019,264100,9,192.168.88.253,43544,171,,congestion_avoidance,
2634,131133.733090,264200,9,192.168.88.253,43544,172,,congestion_avoidance,
2635,131133.737180,264300,9,192.168.88.253,43544,190,,congestion_avoidance,
2636,131133.741221,264400,9,192.168.88.253,43544,210,,congestion_avoidance,
2637,131133.745351,264500,9,192.168.88.253,43544,204,,congestion_avoidance,
2638,131133.749371,264600,9,192.168.88.253,43544,200,,congestion_avoidance,
2639,131133.753504,264700,9,192.168.88.253,43544,206,,congestion_avoidance,
2640,131133.757626,264800,9,192.168.88.253,43544,207,,congestion_avoidance,
2641,131133.761892,264900,9,192.168.88.253,43544,214,,congestion_avoidance,
2642,131133.766297,265000,9,192.168.88.253,43544,192,,congestion_avoidance,
2643,131133.770367,265100,9,192.168.88.253,43544,199,,congestion_avoidance,
2644,131133.774451,265200,9,192.168.88.253,43544,206,,congestion_avoidance,
2645,131133.778775,265300,9,192.168.88.253,43544,184,,congestion_avoidance,
2646,131133.783213,265400,9,192.168.88.253,43544,196,,congestion_avoidance,
2647,131133.787631,265500,9,192.168.88.253,43544,161,,congestion_avoidance,
2648,131133.792512,265600,9,192.168.88.253,43544,200,,congestion_avoidance,
2649,131133.796868,265700,9,192.168.88.253,43544,188,,congestion_avoidance,
2650,131133.801678,265800,9,192.168.88.253,43544,214,,congestion_avoidance,
2651,131133.806426,265900,9,192.168.88.253,43544,204,,congestion_avoidance,
2652,131133.811235,266000,9,192.168.88.253,43544,209,,congestion_avoidance,
2653,131133.815559,266100,9,192.168.88.253,43544,186,,congestion_avoidance,
2654,131133.820363,266200,9,192.168.88.253,43544,171,,congestion_avoidance,
2655,131133.824702,266300,9,192.168.88.253,43544,208,,congestion_avoidance,
2656,131133.829329,266400,9,192.168.88.253,43544,170,,congestion_avoidance,
2657,131133.833833,266500,9,192.168.88.253,43544,208,,congestion_avoidance,
2658,131133.838554,266600,9,192.168.88.253,43544,229,,congestion_avoidance,
2659,131133.843427,266700,9,192.168.88.253,43544,144,,congestion_avoidance,
2660,131133.847694,266800,9,192.168.88.253,43544,137,,congestion_avoidance,
2661,131133.852584,266900,9,192.168.88.253,43544,164,,congestion_avoidance,
2662,131133.857083,267000,9,192.168.88.253,43544,214,,congestion_avoidance,
2663,131133.861440,267100,9,192.168.88.253,43544,215,,congestion_avoidance,
2664,131133.866469,267200,9,192.168.88.253,43544,291,,congestion_avoidance,
2665,131133.870736,267300,9,192.168.88.253,43544,227,,congestion_avoidance,
2666,131133.875598,267400,9,192.168.88.253,43544,166,,congestion_avoidance,
2667,131133.879816,267500,9,192.168.88.253,43544,183,,congestion_avoidance,
2668,131133.884292,267600,9,192.168.88.253,43544,182,,congestion_avoidance,
2669,131133.889074,267700,9,192.168.88.253,43544,202,,congestion_avoidance,
2670,131133.894075,267800,9,192.168.88.253,43544,168,,congestion_avoidance,
2671,131133.899091,267900,9,192.168.88.253,43544,192,,congestion_avoidance,
2672,131133.903890,268000,9,192.168.88.253,43544,164,,congestion_avoidance,
2673,131133.908744,268100,9,192.168.88.253,43544,201,,congestion_avoidance,
2674,131133.913225,268200,9,192.168.88.253,43544,205,,congestion_avoidance,
2675,131133.917988,268300,9,192.168.88.253,43544,199,,congestion_avoidance,
2676,131133.922709,268400,9,192.168.88.253,43544,147,,congestion_avoidance,
2677,131133.928150,268500,9,192.168.88.253,43544,210,,congestion_avoidance,
2678,131133.933872,268600,9,192.168.88.253,43544,182,,congestion_avoidance,
2679,131133.939406,268700,9,192.168.88.253,43544,216,,congestion_avoidance,
2680,131133.944540,268800,9,192.168.88.253,43544,240,,congestion_avoidance,
2681,131133.949770,268900,9,192.168.88.253,43544,168,,congestion_avoidance,
2682,131133.954854,269000,9,192.168.88.253,43544,204,,congestion_avoidance,
2683,131133.960244,269100,9,192.168.88.253,43544,227,,congestion_avoidance,
2684,131133.965642,269200,9,192.168.88.253,43544,221,,congestion_avoidance,
2685,131133.971295,269300,9,192.168.88.253,43544,220,,congestion_avoidance,
2686,131133.976836,269400,9,192.168.88.253,43544,173,,congestion_avoidance,
2687,131133.982643,269500,9,192.168.88.253,43544,195,,congestion_avoidance,
2688,131133.988384,269600,9,192.168.88.253,43544,164,,congestion_avoidance,
2689,131133.994510,269700,9,192.168.88.253,43544,190,,congestion_avoidance,
2690,131134.000397,269800,9,192.168.88.253,43544,169,,congestion_avoidance,
2691,131134.005900,269900,9,192.168.88.253,43544,176,,congestion_avoidance,
2692,131134.011469,270000,9,192.168.88.253,43544,211,,congestion_avoidance,
2693,131134.016705,270100,9,192.168.88.253,43544,200,,congestion_avoidance,
2694,131134.022164,270200,9,192.168.88.253,43544,177,,congestion_avoidance,
2695,131134.027523,270300,9,192.168.88.253,43544,203,,congestion_avoidance,
2696,131134.033032,270400,9,192.168.88.253,43544,118,,congestion_avoidance,
2697,131134.038707,270500,9,192.168.88.253,43544,135,,congestion_avoidance,
2698,131134.044040,270600,9,192.168.88.253,43544,239,,congestion_avoidance,
2699,131134.049797,270700,9,192.168.88.253,43544,165,,congestion_avoidance,
2700,131134.055515,270800,9,192.168.88.253,43544,163,,congestion_avoidance,
2701,131134.060924,270900,9,192.168.88.253,43544,182,,congestion_avoidance,
2702,131134.066402,271000,9,192.168.88.253,43544,190,,congestion_avoidance,
2703,131134.072154,271100,9,192.168.88.253,43544,140,,congestion_avoidance,
2704,131134.077748,271200,9,192.168.88.253,43544,185,,congestion_avoidance,
2705,131134.083033,271300,9,192.168.88.253,43544,172,,congestion_avoidance,
2706,131134.088634,271400,9,192.168.88.253,43544,174,,congestion_avoidance,
2707,131134.094384,271500,9,192.168.88.253,43544,209,,congestion_avoidance,
2708,131134.100254,271600,9,192.168.88.253,43544,195,,congestion_avoidance,
2709,131134.106068,271700,9,192.168.88.253,43544,170,,congestion_avoidance,
2710,131134.111766,271800,9,192.168.88.253,43544,183,,congestion_avoidance,
2711,131134.117426,271900,9,192.168.88.253,43544,183,,congestion_avoidance,
2712,131134.123634,272000,9,192.168.88.253,43544,189,,congestion_avoidance,
2713,131134.128962,272100,9,192.168.88.253,43544,216,,congestion_avoidance,
2714,131134.134073,272200,9,192.168.88.253,43544,157,,congestion_avoidance,
2715,131134.139542,272300,9,192.168.88.253,43544,265,,congestion_avoidance,
2716,131134.144859,272400,9,192.168.88.253,43544,142,,congestion_avoidance,
2717,131134.150038,272500,9,192.168.88.253,43544,172,,congestion_avoidance,
2718,131134.155439,272600,9,192.168.88.253,43544,199,,congestion_avoidance,
2719,131134.160821,272700,9,192.168.88.253,43544,197,,congestion_avoidance,
2720,131134.165847,272800,9,192.168.88.253,43544,191,,congestion_avoidance,
2721,131134.171295,272900,9,192.168.88.253,43544,208,,congestion_avoidance,
2722,131134.176681,273000,9,192.168.88.253,43544,201,,congestion_avoidance,
2723,131134.187095,273200,9,192.168.88.253,43544,190,,congestion_avoidance,
2724,131134.192354,273300,9,192.168.88.253,43544,153,,congestion_avoidance,
2725,131134.197687,273400,9,192.168.88.253,43544,203,,congestion_avoidance,
2726,131134.202965,273500,9,192.168.88.253,43544,220,,congestion_avoidance,
2727,131134.208391,273600,9,192.168.88.253,43544,132,,congestion_avoidance,
2728,131134.213572,273700,9,192.168.88.253,43544,169,,congestion_avoidance,
2729,131134.218950,273800,9,192.168.88.253,43544,193,,congestion_avoidance,
2730,131134.224491,273900,9,192.168.88.253,43544,189,,congestion_avoidance,
2731,131134.229793,274000,9,192.168.88.253,43544,182,,congestion_avoidance,
2732,131134.235016,274100,9,192.168.88.253,43544,193,,congestion_avoidance,
2733,131134.240284,274200,9,192.168.88.253,43544,201,,congestion_avoidance,
2734,131134.245611,274300,9,192.168.88.253,43544,202,,congestion_avoidance,
2735,131134.250997,274400,9,192.168.88.253,43544,210,,congestion_avoidance,
2736,131134.256499,274500,9,192.168.88.253,43544,139,,congestion_avoidance,
2737,131134.261776,274600,9,192.168.88.253,43544,212,,congestion_avoidance,
2738,131134.266963,274700,9,192.168.88.253,43544,207,,congestion_avoidance,
2739,131134.271439,274800,9,192.168.88.253,43544,187,,congestion_avoidance,
2740,131134.275585,274900,9,192.168.88.253,43544,199,,congestion_avoidance,
2741,131134.279941,275000,9,192.168.88.253,43544,180,,congestion_avoidance,
2742,131134.284101,275100,9,192.168.88.253,43544,200,,congestion_avoidance,
2743,131134.288303,275200,9,192.168.88.253,43544,171,,congestion_avoidance,
2744,131134.292444,275300,9,192.168.88.253,43544,207,,congestion_avoidance,
2745,131134.296658,275400,9,192.168.88.253,43544,230,,congestion_avoidance,
2746,131134.301480,275500,9,192.168.88.253,43544,163,,congestion_avoidance,
2747,131134.305660,275600,9,192.168.88.253,43544,198,,congestion_avoidance,
2748,131134.309968,275700,9,192.168.88.253,43544,214,,congestion_avoidance,
2749,131134.314407,275800,9,192.168.88.253,43544,204,,congestion_avoidance,
2750,131134.320774,275900,9,192.168.88.253,43544,162,,congestion_avoidance,
2751,131134.325973,276000,9,192.168.88.253,43544,168,,congestion_avoidance,
2752,131134.330711,276100,9,192.168.88.253,43544,206,,congestion_avoidance,
2753,131134.335107,276200,9,192.168.88.253,43544,197,,congestion_avoidance,
2754,131134.340202,276300,9,192.168.88.253,43544,132,,congestion_avoidance,
2755,131134.345468,276400,9,192.168.88.253,43544,233,,congestion_avoidance,
2756,131134.349828,276500,9,192.168.88.253,43544,254,,congestion_avoidance,
2757,131134.354326,276600,9,192.168.88.253,43544,206,,congestion_avoidance,
2758,131134.361410,276700,9,192.168.88.253,43544,135,,congestion_avoidance,
2759,131134.366166,276800,9,192.168.88.253,43544,223,,congestion_avoidance,
2760,131134.370995,276900,9,192.168.88.253,43544,196,,congestion_avoidance,
2761,131134.376471,277000,9,192.168.88.253,43544,160,,congestion_avoidance,
2762,131134.381109,277100,9,192.168.88.253,43544,215,,congestion_avoidance,
2763,131134.385523,277200,9,192.168.88.253,43544,197,,congestion_avoidance,
2764,131134.390439,277300,9,192.168.88.253,43544,169,,congestion_avoidance,
2765,131134.394737,277400,9,192.168.88.253,43544,181,,congestion_avoidance,
2766,131134.399594,277500,9,192.168.88.253,43544,146,,congestion_avoidance,
2767,131134.403850,277600,9,192.168.88.253,43544,214,,congestion_avoidance,
2768,131134.408534,277700,9,192.168.88.253,43544,169,,congestion_avoidance,
2769,131134.413039,277800,9,192.168.88.253,43544,198,,congestion_avoidance,
2770,131134.417255,277900,9,192.168.88.253,43544,171,,congestion_avoidance,
2771,131134.421533,278000,9,192.168.88.253,43544,201,,congestion_avoidance,
2772,131134.425877,278100,9,192.168.88.253,43544,190,,congestion_avoidance,
2773,131134.430369,278200,9,192.168.88.253,43544,218,,congestion_avoidance,
2774,131134.434730,278300,9,192.168.88.253,43544,142,,congestion_avoidance,
2775,131134.439079,278400,9,192.168.88.253,43544,202,,congestion_avoidance,
2776,131134.443196,278500,9,192.168.88.253,43544,202,,congestion_avoidance,
2777,131134.447315,278600,9,192.168.88.253,43544,146,,congestion_avoidance,
2778,131134.451408,278700,9,192.168.88.253,43544,192,,congestion_avoidance,
2779,131134.455786,278800,9,192.168.88.253,43544,209,,congestion_avoidance,
2780,131134.460250,278900,9,192.168.88.253,43544,170,,congestion_avoidance,
2781,131134.464513,279000,9,192.168.88.253,43544,210,,congestion_avoidance,
2782,131134.468638,279100,9,192.168.88.253,43544,213,,congestion_avoidance,
2783,131134.472833,279200,9,192.168.88.253,43544,219,,congestion_avoidance,
2784,131134.476949,279300,9,192.168.88.253,43544,213,,congestion_avoidance,
2785,131134.481140,279400,9,192.168.88.253,43544,217,,congestion_avoidance,
2786,131134.485465,279500,9,192.168.88.253,43544,210,,congestion_avoidance,
2787,131134.489562,279600,9,192.168.88.253,43544,170,,congestion_avoidance,
2788,131134.493946,279700,9,192.168.88.253,43544,206,,congestion_avoidance,
2789,131134.498062,279800,9,192.168.88.253,43544,206,,congestion_avoidance,
2790,131134.502181,279900,9,192.168.88.253,43544,166,,congestion_avoidance,
2791,131134.506715,280000,9,192.168.88.253,43544,217,,congestion_avoidance,
2792,131134.511227,280100,9,192.168.88.253,43544,175,,congestion_avoidance,
2793,131134.515680,280200,9,192.168.88.253,43544,225,,congestion_avoidance,
2794,131134.520111,280300,9,192.168.88.253,43544,176,,congestion_avoidance,
2795,131134.524353,280400,9,192.168.88.253,43544,158,,congestion_avoidance,
2796,131134.528473,280500,9,192.168.88.253,43544,200,,congestion_avoidance,
2797,131134.532554,280600,9,192.168.88.253,43544,223,,congestion_avoidance,
2798,131134.537041,280700,9,192.168.88.253,43544,188,,congestion_avoidance,
2799,131134.541148,280800,9,192.168.88.253,43544,202,,congestion_avoidance,
2800,131134.545572,280900,9,192.168.88.253,43544,170,,congestion_avoidance,
2801,131134.549947,281000,9,192.168.88.253,43544,182,,congestion_avoidance,
2802,131134.554354,281100,9,192.168.88.253,43544,182,,congestion_avoidance,
2803,131134.558776,281200,9,192.168.88.253,43544,169,,congestion_avoidance,
2804,131134.563233,281300,9,192.168.88.253,43544,171,,congestion_avoidance,
2805,131134.567775,281400,9,192.168.88.253,43544,182,,congestion_avoidance,
2806,131134.572226,281500,9,192.168.88.253,43544,177,,congestion_avoidance,
2807,131134.576801,281600,9,192.168.88.253,43544,173,,congestion_avoidance,
2808,131134.581423,281700,9,192.168.88.253,43544,208,,congestion_avoidance,
2809,131134.585612,281800,9,192.168.88.253,43544,187,,congestion_avoidance,
2810,131134.590580,281900,9,192.168.88.253,43544,216,,congestion_avoidance,
2811,131134.595554,282000,9,192.168.88.253,43544,202,,congestion_avoidance,
2812,131134.599746,282100,9,192.168.88.253,43544,214,,congestion_avoidance,
2813,131134.606291,282200,9,192.168.88.253,43544,129,,congestion_avoidance,
2814,131134.612381,282300,9,192.168.88.253,43544,215,,congestion_avoidance,
2815,131134.618012,282400,9,192.168.88.253,43544,182,,congestion_avoidance,
2816,131134.623857,282500,9,192.168.88.253,43544,167,,congestion_avoidance,
2817,131134.629459,282600,9,192.168.88.253,43544,218,,congestion_avoidance,
2818,131134.635096,282700,9,192.168.88.253,43544,202,,congestion_avoidance,
2819,131134.641182,282800,9,192.168.88.253,43544,218,,congestion_avoidance,
2820,131134.646611,282900,9,192.168.88.253,43544,168,,congestion_avoidance,
2821,131134.652322,283000,9,192.168.88.253,43544,192,,congestion_avoidance,
2822,131134.657968,283100,9,192.168.88.253,43544,199,,congestion_avoidance,
2823,131134.665636,283200,9,192.168.88.253,43544,195,,congestion_avoidance,
2824,131134.680690,283300,9,192.168.88.253,43544,156,,congestion_avoidance,
2825,131134.685856,283400,9,192.168.88.253,43544,213,,congestion_avoidance,
2826,131134.690108,283500,9,192.168.88.253,43544,206,,congestion_avoidance,
2827,131134.694370,283600,9,192.168.88.253,43544,206,,congestion_avoidance,
2828,131134.698488,283700,9,192.168.88.253,43544,207,,congestion_avoidance,
2829,131134.702875,283800,9,192.168.88.253,43544,192,,congestion_avoidance,
2830,131134.707033,283900,9,192.168.88.253,43544,225,,congestion_avoidance,
2831,131134.711380,284000,9,192.168.88.253,43544,210,,congestion_avoidance,
2832,131134.716634,284100,9,192.168.88.253,43544,129,,congestion_avoidance,
2833,131134.722535,284200,9,192.168.88.253,43544,179,,congestion_avoidance,
2834,131134.730141,284300,9,192.168.88.253,43544,116,,congestion_avoidance,
2835,131134.736092,284400,9,192.168.88.253,43544,128,,congestion_avoidance,
2836,131134.740093,284500,9,192.168.88.253,43544,223,,congestion_avoidance,
2837,131134.744590,284600,9,192.168.88.253,43544,227,,congestion_avoidance,
2838,131134.748744,284700,9,192.168.88.253,43544,186,,congestion_avoidance,
2839,131134.752922,284800,9,192.168.88.253,43544,173,,congestion_avoidance,
2840,131134.757107,284900,9,192.168.88.253,43544,206,,congestion_avoidance,
2841,131134.761542,285000,9,192.168.88.253,43544,169,,congestion_avoidance,
2842,131134.765682,285100,9,192.168.88.253,43544,191,,congestion_avoidance,
2843,131134.769594,285200,9,192.168.88.253,43544,220,,congestion_avoidance,
2844,131134.773990,285300,9,192.168.88.253,43544,181,,congestion_avoidance,
2845,131134.778223,285400,9,192.168.88.253,43544,204,,congestion_avoidance,
2846,131134.782493,285500,9,192.168.88.253,43544,198,,congestion_avoidance,
2847,131134.786661,285600,9,192.168.88.253,43544,171,,congestion_avoidance,
2848,131134.790804,285700,9,192.168.88.253,43544,165,,congestion_avoidance,
2849,131134.794970,285800,9,192.168.88.253,43544,192,,congestion_avoidance,
2850,131134.799549,285900,9,192.168.88.253,43544,211,,congestion_avoidance,
2851,131134.803701,286000,9,192.168.88.253,43544,150,,congestion_avoidance,
2852,131134.807866,286100,9,192.168.88.253,43544,200,,congestion_avoidance,
2853,131134.812066,286200,9,192.168.88.253,43544,191,,congestion_avoidance,
2854,131134.816487,286300,9,192.168.88.253,43544,169,,congestion_avoidance,
2855,131134.820986,286400,9,192.168.88.253,43544,209,,congestion_avoidance,
2856,131134.829152,286500,9,192.168.88.253,43544,145,,congestion_avoidance,
2857,131134.837055,286600,9,192.168.88.253,43544,143,,congestion_avoidance,
2858,131134.841380,286700,9,192.168.88.253,43544,162,,congestion_avoidance,
2859,131134.846108,286800,9,192.168.88.253,43544,193,,congestion_avoidance,
2860,131134.850317,286900,9,192.168.88.253,43544,193,,congestion_avoidance,
2861,131134.854432,287000,9,192.168.88.253,43544,189,,congestion_avoidance,
2862,131134.858788,287100,9,192.168.88.253,43544,201,,congestion_avoidance,
2863,131134.863109,287200,9,192.168.88.253,43544,209,,congestion_avoidance,
2864,131134.867546,287300,9,192.168.88.253,43544,172,,congestion_avoidance,
2865,131134.871764,287400,9,192.168.88.253,43544,198,,congestion_avoidance,
2866,131134.876117,287500,9,192.168.88.253,43544,169,,congestion_avoidance,
2867,131134.880284,287600,9,192.168.88.253,43544,200,,congestion_avoidance,
2868,131134.886904,287700,9,192.168.88.253,43544,152,,congestion_avoidance,
2869,131134.891245,287800,9,192.168.88.253,43544,212,,congestion_avoidance,
2870,131134.895927,287900,9,192.168.88.253,43544,193,,congestion_avoidance,
2871,131134.900505,288000,9,192.168.88.253,43544,190,,congestion_avoidance,
2872,131134.904674,288100,9,192.168.88.253,43544,235,,congestion_avoidance,
2873,131134.910537,288200,9,192.168.88.253,43544,168,,congestion_avoidance,
2874,131134.915938,288300,9,192.168.88.253,43544,166,,congestion_avoidance,
2875,131134.921487,288400,9,192.168.88.253,43544,191,,congestion_avoidance,
2876,131134.926678,288500,9,192.168.88.253,43544,236,,congestion_avoidance,
2877,131134.931832,288600,9,192.168.88.253,43544,214,,congestion_avoidance,
2878,131134.937306,288700,9,192.168.88.253,43544,178,,congestion_avoidance,
2879,131134.942862,288800,9,192.168.88.253,43544,144,,congestion_avoidance,
2880,131134.948330,288900,9,192.168.88.253,43544,170,,congestion_avoidance,
2881,131134.953625,289000,9,192.168.88.253,43544,212,,congestion_avoidance,
2882,131134.958753,289100,9,192.168.88.253,43544,213,,congestion_avoidance,
2883,131134.963928,289200,9,192.168.88.253,43544,213,,congestion_avoidance,
2884,131134.969365,289300,9,192.168.88.253,43544,181,,congestion_avoidance,
2885,131134.975010,289400,9,192.168.88.253,43544,171,,congestion_avoidance,
2886,131134.980594,289500,9,192.168.88.253,43544,167,,congestion_avoidance,
2887,131134.985901,289600,9,192.168.88.253,43544,200,,congestion_avoidance,
2888,131134.991545,289700,9,192.168.88.253,43544,216,,congestion_avoidance,
2889,131134.996802,289800,9,192.168.88.253,43544,169,,congestion_avoidance,
2890,131135.002148,289900,9,192.168.88.253,43544,180,,congestion_avoidance,
2891,131135.007038,290000,9,192.168.88.253,43544,175,,congestion_avoidance,
2892,131135.012305,290100,9,192.168.88.253,43544,169,,congestion_avoidance,
2893,131135.016396,290200,9,192.168.88.253,43544,186,,congestion_avoidance,
2894,131135.020853,290300,9,192.168.88.253,43544,189,,congestion_avoidance,
2895,131135.024982,290400,9,192.168.88.253,43544,221,,congestion_avoidance,
2896,131135.029046,290500,9,192.168.88.253,43544,165,,congestion_avoidance,
2897,131135.033101,290600,9,192.168.88.253,43544,201,,congestion_avoidance,
2898,131135.037513,290700,9,192.168.88.253,43544,221,,congestion_avoidance,
2899,131135.041691,290800,9,192.168.88.253,43544,191,,congestion_avoidance,
2900,131135.046154,290900,9,192.168.88.253,43544,197,,congestion_avoidance,
2901,131135.050561,291000,9,192.168.88.253,43544,141,,congestion_avoidance,
2902,131135.054774,291100,9,192.168.88.253,43544,170,,congestion_avoidance,
2903,131135.059092,291200,9,192.168.88.253,43544,220,,congestion_avoidance,
2904,131135.063371,291300,9,192.168.88.253,43544,211,,congestion_avoidance,
2905,131135.067462,291400,9,192.168.88.253,43544,190,,congestion_avoidance,
2906,131135.071902,291500,9,192.168.88.253,43544,186,,congestion_avoidance,
2907,131135.076040,291600,9,192.168.88.253,43544,168,,congestion_avoidance,
2908,131135.080116,291700,9,192.168.88.253,43544,167,,congestion_avoidance,
2909,131135.084329,291800,9,192.168.88.253,43544,173,,congestion_avoidance,
2910,131135.088800,291900,9,192.168.88.253,43544,184,,congestion_avoidance,
2911,131135.093238,292000,9,192.168.88.253,43544,189,,congestion_avoidance,
2912,131135.097702,292100,9,192.168.88.253,43544,197,,congestion_avoidance,
2913,131135.102201,292200,9,192.168.88.253,43544,166,,congestion_avoidance,
2914,131135.106661,292300,9,192.168.88.253,43544,172,,congestion_avoidance,
2915,131135.111116,292400,9,192.168.88.253,43544,191,,congestion_avoidance,
2916,131135.115518,292500,9,192.168.88.253,43544,186,,congestion_avoidance,
2917,131135.119967,292600,9,192.168.88.253,43544,179,,congestion_avoidance,
2918,131135.124446,292700,9,192.168.88.253,43544,192,,congestion_avoidance,
2919,131135.128462,292800,9,192.168.88.253,43544,198,,congestion_avoidance,
2920,131135.132962,292900,9,192.168.88.253,43544,165,,congestion_avoidance,
2921,131135.137469,293000,9,192.168.88.253,43544,218,,congestion_avoidance,
2922,131135.141925,293100,9,192.168.88.253,43544,226,,congestion_avoidance,
2923,131135.146439,293200,9,192.168.88.253,43544,177,,congestion_avoidance,
2924,131135.150892,293300,9,192.168.88.253,43544,162,,congestion_avoidance,
2925,131135.155362,293400,9,192.168.88.253,43544,204,,congestion_avoidance,
2926,131135.159587,293500,9,192.168.88.253,43544,210,,congestion_avoidance,
2927,131135.163921,293600,9,192.168.88.253,43544,187,,congestion_avoidance,
2928,131135.167990,293700,9,192.168.88.253,43544,230,,congestion_avoidance,
2929,131135.172101,293800,9,192.168.88.253,43544,204,,congestion_avoidance,
2930,131135.176191,293900,9,192.168.88.253,43544,227,,congestion_avoidance,
2931,131135.180295,294000,9,192.168.88.253,43544,206,,congestion_avoidance,
2932,131135.184416,294100,9,192.168.88.253,43544,207,,congestion_avoidance,
2933,131135.189220,294200,9,192.168.88.253,43544,169,,congestion_avoidance,
2934,131135.194617,294300,9,192.168.88.253,43544,234,,congestion_avoidance,
2935,131135.205247,294500,9,192.168.88.253,43544,214,,congestion_avoidance,
2936,131135.210459,294600,9,192.168.88.253,43544,217,,congestion_avoidance,
2937,131135.215897,294700,9,192.168.88.253,43544,222,,congestion_avoidance,
2938,131135.221185,294800,9,192.168.88.253,43544,195,,congestion_avoidance,
2939,131135.226364,294900,9,192.168.88.253,43544,208,,congestion_avoidance,
2940,131135.231296,295000,9,192.168.88.253,43544,194,,congestion_avoidance,
2941,131135.236430,295100,9,192.168.88.253,43544,248,,congestion_avoidance,
2942,131135.241647,295200,9,192.168.88.253,43544,184,,congestion_avoidance,
2943,131135.246818,295300,9,192.168.88.253,43544,171,,congestion_avoidance,
2944,131135.251455,295400,9,192.168.88.253,43544,203,,congestion_avoidance,
2945,131135.255539,295500,9,192.168.88.253,43544,169,,congestion_avoidance,
2946,131135.259608,295600,9,192.168.88.253,43544,164,,congestion_avoidance,
2947,131135.263688,295700,9,192.168.88.253,43544,174,,congestion_avoidance,
2948,131135.267795,295800,9,192.168.88.253,43544,247,,congestion_avoidance,
2949,131135.271870,295900,9,192.168.88.253,43544,168,,congestion_avoidance,
2950,131135.275931,296000,9,192.168.88.253,43544,224,,congestion_avoidance,
2951,131135.280101,296100,9,192.168.88.253,43544,208,,congestion_avoidance,
2952,131135.284585,296200,9,192.168.88.253,43544,177,,congestion_avoidance,
2953,131135.289136,296300,9,192.168.88.253,43544,191,,congestion_avoidance,
2954,131135.293587,296400,9,192.168.88.253,43544,184,,congestion_avoidance,
2955,131135.298266,296500,9,192.168.88.253,43544,202,,congestion_avoidance,
2956,131135.303425,296600,9,192.168.88.253,43544,160,,congestion_avoidance,
2957,131135.308865,296700,9,192.168.88.253,43544,200,,congestion_avoidance,
2958,131135.313912,296800,9,192.168.88.253,43544,229,,congestion_avoidance,
2959,131135.319451,296900,9,192.168.88.253,43544,202,,congestion_avoidance,
2960,131135.324969,297000,9,192.168.88.253,43544,164,,congestion_avoidance,
2961,131135.330064,297100,9,192.168.88.253,43544,213,,congestion_avoidance,
2962,131135.335461,297200,9,192.168.88.253,43544,208,,congestion_avoidance,
2963,131135.340746,297300,9,192.168.88.253,43544,179,,congestion_avoidance,
2964,131135.346154,297400,9,192.168.88.253,43544,210,,congestion_avoidance,
2965,131135.351549,297500,9,192.168.88.253,43544,204,,congestion_avoidance,
2966,131135.356843,297600,9,192.168.88.253,43544,189,,congestion_avoidance,
2967,131135.362559,297700,9,192.168.88.253,43544,163,,congestion_avoidance,
2968,131135.368650,297800,9,192.168.88.253,43544,154,,congestion_avoidance,
2969,131135.374620,297900,9,192.168.88.253,43544,204,,congestion_avoidance,
2970,131135.380583,298000,9,192.168.88.253,43544,172,,congestion_avoidance,
2971,131135.386354,298100,9,192.168.88.253,43544,235,,congestion_avoidance,
2972,131135.392319,298200,9,192.168.88.253,43544,153,,congestion_avoidance,
2973,131135.397620,298300,9,192.168.88.253,43544,224,,congestion_avoidance,
2974,131135.403264,298400,9,192.168.88.253,43544,179,,congestion_avoidance,
2975,131135.408814,298500,9,192.168.88.253,43544,226,,congestion_avoidance,
2976,131135.414469,298600,9,192.168.88.253,43544,213,,congestion_avoidance,
2977,131135.420285,298700,9,192.168.88.253,43544,183,,congestion_avoidance,
2978,131135.425642,298800,9,192.168.88.253,43544,173,,congestion_avoidance,
2979,131135.430967,298900,9,192.168.88.253,43544,168,,congestion_avoidance,
2980,131135.436221,299000,9,192.168.88.253,43544,188,,congestion_avoidance,
2981,131135.441674,299100,9,192.168.88.253,43544,190,,congestion_avoidance,
2982,131135.447016,299200,9,192.168.88.253,43544,198,,congestion_avoidance,
2983,131135.452504,299300,9,192.168.88.253,43544,169,,congestion_avoidance,
2984,131135.458297,299400,9,192.168.88.253,43544,174,,congestion_avoidance,
2985,131135.463916,299500,9,192.168.88.253,43544,171,,congestion_avoidance,
2986,131135.469531,299600,9,192.168.88.253,43544,165,,congestion_avoidance,
2987,131135.475298,299700,9,192.168.88.253,43544,213,,congestion_avoidance,
2988,131135.481238,299800,9,192.168.88.253,43544,146,,congestion_avoidance,
2989,131135.486878,299900,9,192.168.88.253,43544,170,,congestion_avoidance,
2990,131135.492446,300000,9,192.168.88.253,43544,229,,congestion_avoidance,
2991,131135.498233,300100,9,192.168.88.253,43544,212,,congestion_avoidance,
2992,131135.503875,300200,9,192.168.88.253,43544,209,,congestion_avoidance,
2993,131135.509566,300300,9,192.168.88.253,43544,193,,congestion_avoidance,
2994,131135.514813,300400,9,192.168.88.253,43544,181,,congestion_avoidance,
2995,131135.519219,300500,9,192.168.88.253,43544,160,,congestion_avoidance,
2996,131135.523988,300600,9,192.168.88.253,43544,184,,congestion_avoidance,
2997,131135.525376,300633,9,192.168.88.253,43544,249,,loss_recovery,
2998,131135.525623,300638,4,192.168.88.253,43544,98,,congestion_avoidance,
2999,131135.528371,300700,9,192.168.88.253,43544,188,,congestion_avoidance,
3000,131135.532583,300800,9,192.168.88.253,43544,205,,congestion_avoidance,
3001,131135.536712,300900,9,192.168.88.253,43544,168,,congestion_avoidance,
3002,131135.541552,301000,9,192.168.88.253,43544,191,,congestion_avoidance,
3003,131135.546931,301100,9,192.168.88.253,43544,213,,congestion_avoidance,
3004,131135.552359,301200,9,192.168.88.253,43544,157,,congestion_avoidance,
3005,131135.557522,301300,9,192.168.88.253,43544,184,,congestion_avoidance,
3006,131135.562824,301400,9,192.168.88.253,43544,188,,congestion_avoidance,
3007,131135.568282,301500,9,192.168.88.253,43544,140,,congestion_avoidance,
3008,131135.573632,301600,9,192.168.88.253,43544,183,,congestion_avoidance,
3009,131135.578898,301700,9,192.168.88.253,43544,199,,congestion_avoidance,
3010,131135.583910,301800,9,192.168.88.253,43544,201,,congestion_avoidance,
3011,131135.589232,301900,9,192.168.88.253,43544,202,,congestion_avoidance,
3012,131135.594507,302000,9,192.168.88.253,43544,167,,congestion_avoidance,
3013,131135.599880,302100,9,192.168.88.253,43544,209,,congestion_avoidance,
3014,131135.605026,302200,9,192.168.88.253,43544,174,,congestion_avoidance,
3015,131135.610316,302300,9,192.168.88.253,43544,199,,congestion_avoidance,
3016,131135.615521,302400,9,192.168.88.253,43544,213,,congestion_avoidance,
3017,131135.621323,302500,9,192.168.88.253,43544,191,,congestion_avoidance,
3018,131135.626916,302600,9,192.168.88.253,43544,211,,congestion_avoidance,
3019,131135.632616,302700,9,192.168.88.253,43544,137,,congestion_avoidance,
3020,131135.638323,302800,9,192.168.88.253,43544,208,,congestion_avoidance,
3021,131135.644196,302900,9,192.168.88.253,43544,188,,congestion_avoidance,
3022,131135.649894,303000,9,192.168.88.253,43544,162,,congestion_avoidance,
3023,131135.655644,303100,9,192.168.88.253,43544,214,,congestion_avoidance,
3024,131135.661594,303200,9,192.168.88.253,43544,156,,congestion_avoidance,
3025,131135.666040,303300,9,192.168.88.253,43544,168,,congestion_avoidance,
3026,131135.670456,303400,9,192.168.88.253,43544,199,,congestion_avoidance,
3027,131135.675293,303500,9,192.168.88.253,43544,237,,congestion_avoidance,
3028,131135.680093,303600,9,192.168.88.253,43544,170,,congestion_avoidance,
3029,131135.684427,303700,9,192.168.88.253,43544,169,,congestion_avoidance,
3030,131135.688803,303800,9,192.168.88.253,43544,201,,congestion_avoidance,
3031,131135.693525,303900,9,192.168.88.253,43544,206,,congestion_avoidance,
3032,131135.697832,304000,9,192.168.88.253,43544,201,,congestion_avoidance,
3033,131135.702501,304100,9,192.168.88.253,43544,201,,congestion_avoidance,
3034,131135.711510,304300,9,192.168.88.253,43544,163,,congestion_avoidance,
3035,131135.715636,304400,9,192.168.88.253,43544,198,,congestion_avoidance,
3036,131135.719735,304500,9,192.168.88.253,43544,183,,congestion_avoidance,
3037,131135.724102,304600,9,192.168.88.253,43544,204,,congestion_avoidance,
3038,131135.728271,304700,9,192.168.88.253,43544,210,,congestion_avoidance,
3039,131135.732461,304800,9,192.168.88.253,43544,189,,congestion_avoidance,
3040,131135.736579,304900,9,192.168.88.253,43544,192,,congestion_avoidance,
3041,131135.740672,305000,9,192.168.88.253,43544,212,,congestion_avoidance,
3042,131135.744625,305100,9,192.168.88.253,43544,211,,congestion_avoidance,
3043,131135.748751,305200,9,192.168.88.253,43544,218,,congestion_avoidance,
3044,131135.752978,305300,9,192.168.88.253,43544,165,,congestion_avoidance,
3045,131135.757075,305400,9,192.168.88.253,43544,195,,congestion_avoidance,
3046,131135.761481,305500,9,192.168.88.253,43544,174,,congestion_avoidance,
3047,131135.765616,305600,9,192.168.88.253,43544,207,,congestion_avoidance,
3048,131135.769713,305700,9,192.168.88.253,43544,224,,congestion_avoidance,
3049,131135.774297,305800,9,192.168.88.253,43544,191,,congestion_avoidance,
3050,131135.778794,305900,9,192.168.88.253,43544,208,,congestion_avoidance,
3051,131135.783330,306000,9,192.168.88.253,43544,190,,congestion_avoidance,
3052,131135.787416,306100,9,192.168.88.253,43544,183,,congestion_avoidance,
3053,131135.791860,306200,9,192.168.88.253,43544,190,,congestion_avoidance,
3054,131135.795943,306300,9,192.168.88.253,43544,206,,congestion_avoidance,
3055,131135.800046,306400,9,192.168.88.253,43544,166,,congestion_avoidance,
3056,131135.804127,306500,9,192.168.88.253,43544,177,,congestion_avoidance,
3057,131135.808235,306600,9,192.168.88.253,43544,170,,congestion_avoidance,
3058,131135.812280,306700,9,192.168.88.253,43544,193,,congestion_avoidance,
3059,131135.816373,306800,9,192.168.88.253,43544,191,,congestion_avoidance,
3060,131135.820467,306900,9,192.168.88.253,43544,207,,congestion_avoidance,
3061,131135.824541,307000,9,192.168.88.253,43544,211,,congestion_avoidance,
3062,131135.828677,307100,9,192.168.88.253,43544,206,,congestion_avoidance,
3063,131135.833015,307200,9,192.168.88.253,43544,191,,congestion_avoidance,
3064,131135.836947,307300,9,192.168.88.253,43544,217,,congestion_avoidance,
3065,131135.841067,307400,9,192.168.88.253,43544,227,,congestion_avoidance,
3066,131135.846144,307500,9,192.168.88.253,43544,217,,congestion_avoidance,
3067,131135.851281,307600,9,192.168.88.253,43544,175,,congestion_avoidance,
3068,131135.856661,307700,9,192.168.88.253,43544,218,,congestion_avoidance,
3069,131135.861915,307800,9,192.168.88.253,43544,215,,congestion_avoidance,
3070,131135.867249,307900,9,192.168.88.253,43544,173,,congestion_avoidance,
3071,131135.872479,308000,9,192.168.88.253,43544,173,,congestion_avoidance,
3072,131135.877656,308100,9,192.168.88.253,43544,209,,congestion_avoidance,
3073,131135.882989,308200,9,192.168.88.253,43544,189,,congestion_avoidance,
3074,131135.888224,308300,9,192.168.88.253,43544,172,,congestion_avoidance,
3075,131135.892996,308400,9,192.168.88.253,43544,183,,congestion_avoidance,
3076,131135.897258,308500,9,192.168.88.253,43544,168,,congestion_avoidance,
3077,131135.901669,308600,9,192.168.88.253,43544,177,,congestion_avoidance,
3078,131135.906198,308700,9,192.168.88.253,43544,208,,congestion_avoidance,
3079,131135.910444,308800,9,192.168.88.253,43544,216,,congestion_avoidance,
3080,131135.914322,308900,9,192.168.88.253,43544,220,,congestion_avoidance,
3081,131135.918742,309000,9,192.168.88.253,43544,209,,congestion_avoidance,
3082,131135.923019,309100,9,192.168.88.253,43544,198,,congestion_avoidance,
3083,131135.927200,309200,9,192.168.88.253,43544,166,,congestion_avoidance,
3084,131135.931280,309300,9,192.168.88.253,43544,179,,congestion_avoidance,
3085,131135.935442,309400,9,192.168.88.253,43544,224,,congestion_avoidance,
3086,131135.939552,309500,9,192.168.88.253,43544,152,,congestion_avoidance,
3087,131135.943667,309600,9,192.168.88.253,43544,202,,congestion_avoidance,
3088,131135.947682,309700,9,192.168.88.253,43544,212,,congestion_avoidance,
3089,131135.951804,309800,9,192.168.88.253,43544,230,,congestion_avoidance,
3090,131135.955950,309900,9,192.168.88.253,43544,211,,congestion_avoidance,
3091,131135.960075,310000,9,192.168.88.253,43544,212,,congestion_avoidance,
3092,131135.964525,310100,9,192.168.88.253,43544,184,,congestion_avoidance,
3093,131135.968601,310200,9,192.168.88.253,43544,170,,congestion_avoidance,
3094,131135.973126,310300,9,192.168.88.253,43544,192,,congestion_avoidance,
3095,131135.977162,310400,9,192.168.88.253,43544,207,,congestion_avoidance,
3096,131135.981242,310500,9,192.168.88.253,43544,169,,congestion_avoidance,
3097,131135.985291,310600,9,192.168.88.253,43544,196,,congestion_avoidance,
3098,131135.989423,310700,9,192.168.88.253,43544,178,,congestion_avoidance,
3099,131135.993619,310800,9,192.168.88.253,43544,169,,congestion_avoidance,
3100,131135.997726,310900,9,192.168.88.253,43544,222,,congestion_avoidance,
3101,131136.002213,311000,9,192.168.88.253,43544,224,,congestion_avoidance,
3102,131136.006641,311100,9,192.168.88.253,43544,180,,congestion_avoidance,
3103,131136.011095,311200,9,192.168.88.253,43544,174,,congestion_avoidance,
3104,131136.015198,311300,9,192.168.88.253,43544,210,,congestion_avoidance,
3105,131136.019339,311400,9,192.168.88.253,43544,174,,congestion_avoidance,
3106,131136.023797,311500,9,192.168.88.253,43544,206,,congestion_avoidance,
3107,131136.027944,311600,9,192.168.88.253,43544,158,,congestion_avoidance,
3108,131136.032076,311700,9,192.168.88.253,43544,216,,congestion_avoidance,
3109,131136.036340,311800,9,192.168.88.253,43544,199,,congestion_avoidance,
3110,131136.040529,311900,9,192.168.88.253,43544,216,,congestion_avoidance,
3111,131136.044855,312000,9,192.168.88.253,43544,181,,congestion_avoidance,
3112,131136.048924,312100,9,192.168.88.253,43544,184,,congestion_avoidance,
3113,131136.053082,312200,9,192.168.88.253,43544,219,,congestion_avoidance,
3114,131136.057190,312300,9,192.168.88.253,43544,194,,congestion_avoidance,
3115,131136.061772,312400,9,192.168.88.253,43544,204,,congestion_avoidance,
3116,131136.066224,312500,9,192.168.88.253,43544,208,,congestion_avoidance,
3117,131136.070689,312600,9,192.168.88.253,43544,198,,congestion_avoidance,
3118,131136.075134,312700,9,192.168.88.253,43544,187,,congestion_avoidance,
3119,131136.079404,312800,9,192.168.88.253,43544,212,,congestion_avoidance,
3120,131136.083519,312900,9,192.168.88.253,43544,212,,congestion_avoidance,
3121,131136.087717,313000,9,192.168.88.253,43544,175,,congestion_avoidance,
3122,131136.092193,313100,9,192.168.88.253,43544,184,,congestion_avoidance,
3123,131136.096226,313200,9,192.168.88.253,43544,211,,congestion_avoidance,
3124,131136.100817,313300,9,192.168.88.253,43544,206,,congestion_avoidance,
3125,131136.104850,313400,9,192.168.88.253,43544,181,,congestion_avoidance,
3126,131136.109002,313500,9,192.168.88.253,43544,187,,congestion_avoidance,
3127,131136.113130,313600,9,192.168.88.253,43544,175,,congestion_avoidance,
3128,131136.117198,313700,9,192.168.88.253,43544,213,,congestion_avoidance,
3129,131136.121293,313800,9,192.168.88.253,43544,201,,congestion_avoidance,
3130,131136.125767,313900,9,192.168.88.253,43544,170,,congestion_avoidance,
3131,131136.129838,314000,9,192.168.88.253,43544,211,,congestion_avoidance,
3132,131136.133873,314100,9,192.168.88.253,43544,177,,congestion_avoidance,
3133,131136.138240,314200,9,192.168.88.253,43544,208,,congestion_avoidance,
3134,131136.142490,314300,9,192.168.88.253,43544,198,,congestion_avoidance,
3135,131136.146617,314400,9,192.168.88.253,43544,164,,congestion_avoidance,
3136,131136.150718,314500,9,192.168.88.253,43544,194,,congestion_avoidance,
3137,131136.154792,314600,9,192.168.88.253,43544,235,,congestion_avoidance,
3138,131136.159048,314700,9,192.168.88.253,43544,207,,congestion_avoidance,
3139,131136.163167,314800,9,192.168.88.253,43544,208,,congestion_avoidance,
3140,131136.167358,314900,9,192.168.88.253,43544,209,,congestion_avoidance,
3141,131136.171665,315000,9,192.168.88.253,43544,225,,congestion_avoidance,
3142,131136.176208,315100,9,192.168.88.253,43544,199,,congestion_avoidance,
3143,131136.180730,315200,9,192.168.88.253,43544,198,,congestion_avoidance,
3144,131136.184810,315300,9,192.168.88.253,43544,170,,congestion_avoidance,
3145,131136.188928,315400,9,192.168.88.253,43544,181,,congestion_avoidance,
3146,131136.193192,315500,9,192.168.88.253,43544,218,,congestion_avoidance,
3147,131136.197310,315600,9,192.168.88.253,43544,218,,congestion_avoidance,
3148,131136.201587,315700,9,192.168.88.253,43544,206,,congestion_avoidance,
3149,131136.206021,315800,9,192.168.88.253,43544,145,,congestion_avoidance,
3150,131136.210125,315900,9,192.168.88.253,43544,196,,congestion_avoidance,
3151,131136.215004,316000,9,192.168.88.253,43544,150,,congestion_avoidance,
3152,131136.219415,316100,9,192.168.88.253,43544,212,,congestion_avoidance,
3153,131136.223727,316200,9,192.168.88.253,43544,213,,congestion_avoidance,
3154,131136.228135,316300,9,192.168.88.253,43544,185,,congestion_avoidance,
3155,131136.232380,316400,9,192.168.88.253,43544,153,,congestion_avoidance,
3156,131136.236491,316500,9,192.168.88.253,43544,247,,congestion_avoidance,
3157,131136.240571,316600,9,192.168.88.253,43544,177,,congestion_avoidance,
3158,131136.244883,316700,9,192.168.88.253,43544,217,,congestion_avoidance,
3159,131136.249001,316800,9,192.168.88.253,43544,195,,congestion_avoidance,
3160,131136.253122,316900,9,192.168.88.253,43544,205,,congestion_avoidance,
3161,131136.257257,317000,9,192.168.88.253,43544,168,,congestion_avoidance,
3162,131136.261346,317100,9,192.168.88.253,43544,189,,congestion_avoidance,
3163,131136.265517,317200,9,192.168.88.253,43544,161,,congestion_avoidance,
3164,131136.269543,317300,9,192.168.88.253,43544,198,,congestion_avoidance,
3165,131136.273767,317400,9,192.168.88.253,43544,172,,congestion_avoidance,
3166,131136.278257,317500,9,192.168.88.253,43544,171,,congestion_avoidance,
3167,131136.282787,317600,9,192.168.88.253,43544,210,,congestion_avoidance,
3168,131136.287029,317700,9,192.168.88.253,43544,213,,congestion_avoidance,
3169,131136.291215,317800,9,192.168.88.253,43544,208,,congestion_avoidance,
3170,131136.295342,317900,9,192.168.88.253,43544,200,,congestion_avoidance,
3171,131136.299522,318000,9,192.168.88.253,43544,189,,congestion_avoidance,
3172,131136.303676,318100,9,192.168.88.253,43544,178,,congestion_avoidance,
3173,131136.307750,318200,9,192.168.88.253,43544,179,,congestion_avoidance,
3174,131136.312289,318300,9,192.168.88.253,43544,200,,congestion_avoidance,
3175,131136.316723,318400,9,192.168.88.253,43544,170,,congestion_avoidance,
3176,131136.321199,318500,9,192.168.88.253,43544,189,,congestion_avoidance,
3177,131136.325713,318600,9,192.168.88.253,43544,173,,congestion_avoidance,
3178,131136.330165,318700,9,192.168.88.253,43544,188,,congestion_avoidance,
3179,131136.334651,318800,9,192.168.88.253,43544,173,,congestion_avoidance,
3180,131136.339101,318900,9,192.168.88.253,43544,197,,congestion_avoidance,
3181,131136.343539,319000,9,192.168.88.253,43544,209,,congestion_avoidance,
3182,131136.347919,319100,9,192.168.88.253,43544,229,,congestion_avoidance,
3183,131136.352369,319200,9,192.168.88.253,43544,201,,congestion_avoidance,
3184,131136.356764,319300,9,192.168.88.253,43544,211,,congestion_avoidance,
3185,131136.361130,319400,9,192.168.88.253,43544,175,,congestion_avoidance,
3186,131136.365579,319500,9,192.168.88.253,43544,168,,congestion_avoidance,
3187,131136.369782,319600,9,192.168.88.253,43544,219,,congestion_avoidance,
3188,131136.373897,319700,9,192.168.88.253,43544,216,,congestion_avoidance,
3189,131136.378108,319800,9,192.168.88.253,43544,170,,congestion_avoidance,
3190,131136.382237,319900,9,192.168.88.253,43544,181,,congestion_avoidance,
3191,131136.386395,320000,9,192.168.88.253,43544,198,,congestion_avoidance,
3192,131136.390871,320100,9,192.168.88.253,43544,190,,congestion_avoidance,
3193,131136.395037,320200,9,192.168.88.253,43544,192,,congestion_avoidance,
3194,131136.399204,320300,9,192.168.88.253,43544,208,,congestion_avoidance,
3195,131136.403629,320400,9,192.168.88.253,43544,186,,congestion_avoidance,
3196,131136.408081,320500,9,192.168.88.253,43544,200,,congestion_avoidance,
3197,131136.412213,320600,9,192.168.88.253,43544,169,,congestion_avoidance,
3198,131136.416089,320700,9,192.168.88.253,43544,208,,congestion_avoidance,
3199,131136.420162,320800,9,192.168.88.253,43544,205,,congestion_avoidance,
3200,131136.424350,320900,9,192.168.88.253,43544,209,,congestion_avoidance,
3201,131136.428434,321000,9,192.168.88.253,43544,224,,congestion_avoidance,
3202,131136.432546,321100,9,192.168.88.253,43544,217,,congestion_avoidance,
3203,131136.436668,321200,9,192.168.88.253,43544,182,,congestion_avoidance,
3204,131136.440942,321300,9,192.168.88.253,43544,190,,congestion_avoidance,
3205,131136.445011,321400,9,192.168.88.253,43544,168,,congestion_avoidance,
3206,131136.449055,321500,9,192.168.88.253,43544,191,,congestion_avoidance,
3207,131136.453164,321600,9,192.168.88.253,43544,206,,congestion_avoidance,
3208,131136.457329,321700,9,192.168.88.253,43544,227,,congestion_avoidance,
3209,131136.459632,321751,9,192.168.88.253,43544,217,,loss_recovery,
3210,131136.459839,321755,4,192.168.88.253,43544,101,,congestion_avoidance,
3211,131136.461721,321800,9,192.168.88.253,43544,206,,congestion_avoidance,
3212,131136.465883,321900,9,192.168.88.253,43544,241,,congestion_avoidance,
3213,131136.469791,322000,9,192.168.88.253,43544,204,,congestion_avoidance,
3214,131136.473927,322100,9,192.168.88.253,43544,218,,congestion_avoidance,
3215,131136.478041,322200,9,192.168.88.253,43544,217,,congestion_avoidance,
3216,131136.482174,322300,9,192.168.88.253,43544,207,,congestion_avoidance,
3217,131136.486525,322400,9,192.168.88.253,43544,206,,congestion_avoidance,
3218,131136.490648,322500,9,192.168.88.253,43544,162,,congestion_avoidance,
3219,131136.494717,322600,9,192.168.88.253,43544,200,,congestion_avoidance,
3220,131136.498854,322700,9,192.168.88.253,43544,180,,congestion_avoidance,
3221,131136.502894,322800,9,192.168.88.253,43544,200,,congestion_avoidance,
3222,131136.507029,322900,9,192.168.88.253,43544,208,,congestion_avoidance,
3223,131136.511561,323000,9,192.168.88.253,43544,201,,congestion_avoidance,
3224,131136.515669,323100,9,192.168.88.253,43544,204,,congestion_avoidance,
3225,131136.519757,323200,9,192.168.88.253,43544,178,,congestion_avoidance,
3226,131136.523964,323300,9,192.168.88.253,43544,204,,congestion_avoidance,
3227,131136.528081,323400,9,192.168.88.253,43544,207,,congestion_avoidance,
3228,131136.532022,323500,9,192.168.88.253,43544,210,,congestion_avoidance,
3229,131136.536271,323600,9,192.168.88.253,43544,186,,congestion_avoidance,
3230,131136.540307,323700,9,192.168.88.253,43544,205,,congestion_avoidance,
3231,131136.544402,323800,9,192.168.88.253,43544,226,,congestion_avoidance,
3232,131136.548529,323900,9,192.168.88.253,43544,212,,congestion_avoidance,
3233,131136.552610,324000,9,192.168.88.253,43544,220,,congestion_avoidance,
3234,131136.556726,324100,9,192.168.88.253,43544,218,,congestion_avoidance,
3235,131136.560868,324200,9,192.168.88.253,43544,215,,congestion_avoidance,
3236,131136.564984,324300,9,192.168.88.253,43544,213,,congestion_avoidance,
3237,131136.569106,324400,9,192.168.88.253,43544,220,,congestion_avoidance,
3238,131136.573285,324500,9,192.168.88.253,43544,189,,congestion_avoidance,
3239,131136.577404,324600,9,192.168.88.253,43544,190,,congestion_avoidance,
3240,131136.581595,324700,9,192.168.88.253,43544,166,,congestion_avoidance,
3241,131136.585637,324800,9,192.168.88.253,43544,189,,congestion_avoidance,
3242,131136.589734,324900,9,192.168.88.253,43544,190,,congestion_avoidance,
3243,131136.593821,325000,9,192.168.88.253,43544,222,,congestion_avoidance,
3244,131136.597933,325100,9,192.168.88.253,43544,204,,congestion_avoidance,
3245,131136.602087,325200,9,192.168.88.253,43544,187,,congestion_avoidance,
3246,131136.606251,325300,9,192.168.88.253,43544,206,,congestion_avoidance,
3247,131136.610376,325400,9,192.168.88.253,43544,212,,congestion_avoidance,
3248,131136.614452,325500,9,192.168.88.253,43544,223,,congestion_avoidance,
3249,131136.618582,325600,9,192.168.88.253,43544,206,,congestion_avoidance,
3250,131136.622703,325700,9,192.168.88.253,43544,209,,congestion_avoidance,
3251,131136.626782,325800,9,192.168.88.253,43544,213,,congestion_avoidance,
3252,131136.630923,325900,9,192.168.88.253,43544,214,,congestion_avoidance,
3253,131136.635056,326000,9,192.168.88.253,43544,190,,congestion_avoidance,
3254,131136.639155,326100,9,192.168.88.253,43544,196,,congestion_avoidance,
3255,131136.643219,326200,9,192.168.88.253,43544,190,,congestion_avoidance,
3256,131136.647362,326300,9,192.168.88.253,43544,168,,congestion_avoidance,
3257,131136.651422,326400,9,192.168.88.253,43544,213,,congestion_avoidance,
3258,131136.655552,326500,9,192.168.88.253,43544,201,,congestion_avoidance,
3259,131136.659935,326600,9,192.168.88.253,43544,168,,congestion_avoidance,
3260,131136.664060,326700,9,192.168.88.253,43544,196,,congestion_avoidance,
3261,131136.668218,326800,9,192.168.88.253,43544,220,,congestion_avoidance,
3262,131136.672300,326900,9,192.168.88.253,43544,219,,congestion_avoidance,
3263,131136.676824,327000,9,192.168.88.253,43544,202,,congestion_avoidance,
3264,131136.681258,327100,9,192.168.88.253,43544,172,,congestion_avoidance,
3265,131136.685352,327200,9,192.168.88.253,43544,198,,congestion_avoidance,
3266,131136.694028,327300,9,192.168.88.253,43544,125,,congestion_avoidance,
3267,131136.698154,327400,9,192.168.88.253,43544,217,,congestion_avoidance,
3268,131136.702725,327500,9,192.168.88.253,43544,194,,congestion_avoidance,
3269,131136.706913,327600,9,192.168.88.253,43544,205,,congestion_avoidance,
3270,131136.713698,327700,9,192.168.88.253,43544,139,,congestion_avoidance,
3271,131136.726912,327900,9,192.168.88.253,43544,221,,congestion_avoidance,
3272,131136.732111,328000,9,192.168.88.253,43544,190,,congestion_avoidance,
3273,131136.736546,328100,9,192.168.88.253,43544,187,,congestion_avoidance,
3274,131136.740980,328200,9,192.168.88.253,43544,167,,congestion_avoidance,
3275,131136.745084,328300,9,192.168.88.253,43544,203,,congestion_avoidance,
3276,131136.749168,328400,9,192.168.88.253,43544,171,,congestion_avoidance,
3277,131136.753673,328500,9,192.168.88.253,43544,192,,congestion_avoidance,
3278,131136.758189,328600,9,192.168.88.253,43544,204,,congestion_avoidance,
3279,131136.762685,328700,9,192.168.88.253,43544,169,,congestion_avoidance,
3280,131136.767066,328800,9,192.168.88.253,43544,189,,congestion_avoidance,
3281,131136.771693,328900,9,192.168.88.253,43544,209,,congestion_avoidance,
3282,131136.776307,329000,9,192.168.88.253,43544,178,,congestion_avoidance,
3283,131136.780975,329100,9,192.168.88.253,43544,166,,congestion_avoidance,
3284,131136.785457,329200,9,192.168.88.253,43544,170,,congestion_avoidance,
3285,131136.789787,329300,9,192.168.88.253,43544,133,,congestion_avoidance,
3286,131136.795727,329400,9,192.168.88.253,43544,168,,congestion_avoidance,
3287,131136.801195,329500,9,192.168.88.253,43544,151,,congestion_avoidance,
3288,131136.806485,329600,9,192.168.88.253,43544,191,,congestion_avoidance,
3289,131136.812320,329700,9,192.168.88.253,43544,189,,congestion_avoidance,
3290,131136.818207,329800,9,192.168.88.253,43544,210,,congestion_avoidance,
3291,131136.823593,329900,9,192.168.88.253,43544,146,,congestion_avoidance,
3292,131136.828819,330000,9,192.168.88.253,43544,213,,congestion_avoidance,
3293,131136.834334,330100,9,192.168.88.253,43544,212,,congestion_avoidance,
3294,131136.839765,330200,9,192.168.88.253,43544,189,,congestion_avoidance,
3295,131136.845388,330300,9,192.168.88.253,43544,143,,congestion_avoidance,
3296,131136.851325,330400,9,192.168.88.253,43544,145,,congestion_avoidance,
3297,131136.856889,330500,9,192.168.88.253,43544,259,,congestion_avoidance,
3298,131136.862377,330600,9,192.168.88.253,43544,189,,congestion_avoidance,
3299,131136.867888,330700,9,192.168.88.253,43544,166,,congestion_avoidance,
3300,131136.873306,330800,9,192.168.88.253,43544,191,,congestion_avoidance,
3301,131136.879086,330900,9,192.168.88.253,43544,193,,congestion_avoidance,
3302,131136.884895,331000,9,192.168.88.253,43544,163,,congestion_avoidance,
3303,131136.890227,331100,9,192.168.88.253,43544,165,,congestion_avoidance,
3304,131136.895043,331200,9,192.168.88.253,43544,195,,congestion_avoidance,
3305,131136.899127,331300,9,192.168.88.253,43544,205,,congestion_avoidance,
3306,131136.903253,331400,9,192.168.88.253,43544,227,,congestion_avoidance,
3307,131136.907833,331500,9,192.168.88.253,43544,187,,congestion_avoidance,
3308,131136.912430,331600,9,192.168.88.253,43544,160,,congestion_avoidance,
3309,131136.916915,331700,9,192.168.88.253,43544,187,,congestion_avoidance,
3310,131136.921333,331800,9,192.168.88.253,43544,218,,congestion_avoidance,
3311,131136.925787,331900,9,192.168.88.253,43544,162,,congestion_avoidance,
3312,131136.929863,332000,9,192.168.88.253,43544,176,,congestion_avoidance,
3313,131136.933874,332100,9,192.168.88.253,43544,222,,congestion_avoidance,
3314,131136.937970,332200,9,192.168.88.253,43544,191,,congestion_avoidance,
3315,131136.942040,332300,9,192.168.88.253,43544,194,,congestion_avoidance,
3316,131136.946834,332400,9,192.168.88.253,43544,238,,congestion_avoidance,
3317,131136.950925,332500,9,192.168.88.253,43544,161,,congestion_avoidance,
3318,131136.955019,332600,9,192.168.88.253,43544,185,,congestion_avoidance,
3319,131136.959088,332700,9,192.168.88.253,43544,185,,congestion_avoidance,
3320,131136.963186,332800,9,192.168.88.253,43544,166,,congestion_avoidance,
3321,131136.967227,332900,9,192.168.88.253,43544,186,,congestion_avoidance,
3322,131136.971548,333000,9,192.168.88.253,43544,173,,congestion_avoidance,
3323,131136.976713,333100,9,192.168.88.253,43544,161,,congestion_avoidance,
3324,131136.981997,333200,9,192.168.88.253,43544,161,,congestion_avoidance,
3325,131136.987167,333300,9,192.168.88.253,43544,180,,congestion_avoidance,
3326,131136.992626,333400,9,192.168.88.253,43544,170,,congestion_avoidance,
3327,131136.997656,333500,9,192.168.88.253,43544,198,,congestion_avoidance,
3328,131137.002873,333600,9,192.168.88.253,43544,209,,congestion_avoidance,
3329,131137.008126,333700,9,192.168.88.253,43544,203,,congestion_avoidance,
3330,131137.013771,333800,9,192.168.88.253,43544,171,,congestion_avoidance,
3331,131137.019053,333900,9,192.168.88.253,43544,162,,congestion_avoidance,
3332,131137.024476,334000,9,192.168.88.253,43544,158,,congestion_avoidance,
3333,131137.029688,334100,9,192.168.88.253,43544,173,,congestion_avoidance,
3334,131137.034768,334200,9,192.168.88.253,43544,186,,congestion_avoidance,
3335,131137.039280,334300,9,192.168.88.253,43544,202,,congestion_avoidance,
3336,131137.043321,334400,9,192.168.88.253,43544,220,,congestion_avoidance,
3337,131137.048191,334500,9,192.168.88.253,43544,187,,congestion_avoidance,
3338,131137.052563,334600,9,192.168.88.253,43544,200,,congestion_avoidance,
3339,131137.057084,334700,9,192.168.88.253,43544,169,,congestion_avoidance,
3340,131137.061927,334800,9,192.168.88.253,43544,210,,congestion_avoidance,
3341,131137.067237,334900,9,192.168.88.253,43544,190,,congestion_avoidance,
3342,131137.072415,335000,9,192.168.88.253,43544,191,,congestion_avoidance,
3343,131137.077694,335100,9,192.168.88.253,43544,211,,congestion_avoidance,
3344,131137.082652,335200,9,192.168.88.253,43544,153,,congestion_avoidance,
3345,131137.088180,335300,9,192.168.88.253,43544,251,,congestion_avoidance,
3346,131137.093445,335400,9,192.168.88.253,43544,213,,congestion_avoidance,
3347,131137.098554,335500,9,192.168.88.253,43544,169,,congestion_avoidance,
3348,131137.103777,335600,9,192.168.88.253,43544,207,,congestion_avoidance,
3349,131137.109152,335700,9,192.168.88.253,43544,180,,congestion_avoidance,
3350,131137.114376,335800,9,192.168.88.253,43544,165,,congestion_avoidance,
3351,131137.119784,335900,9,192.168.88.253,43544,174,,congestion_avoidance,
3352,131137.125420,336000,9,192.168.88.253,43544,173,,congestion_avoidance,
3353,131137.130959,336100,9,192.168.88.253,43544,171,,congestion_avoidance,
3354,131137.136209,336200,9,192.168.88.253,43544,191,,congestion_avoidance,
3355,131137.141579,336300,9,192.168.88.253,43544,143,,congestion_avoidance,
3356,131137.146862,336400,9,192.168.88.253,43544,199,,congestion_avoidance,
3357,131137.152375,336500,9,192.168.88.253,43544,204,,congestion_avoidance,
3358,131137.157843,336600,9,192.168.88.253,43544,166,,congestion_avoidance,
3359,131137.162950,336700,9,192.168.88.253,43544,163,,congestion_avoidance,
3360,131137.168440,336800,9,192.168.88.253,43544,162,,congestion_avoidance,
3361,131137.173723,336900,9,192.168.88.253,43544,219,,congestion_avoidance,
3362,131137.179027,337000,9,192.168.88.253,43544,190,,congestion_avoidance,
3363,131137.184141,337100,9,192.168.88.253,43544,208,,congestion_avoidance,
3364,131137.189397,337200,9,192.168.88.253,43544,171,,congestion_avoidance,
3365,131137.194783,337300,9,192.168.88.253,43544,170,,congestion_avoidance,
3366,131137.200341,337400,9,192.168.88.253,43544,178,,congestion_avoidance,
3367,131137.205768,337500,9,192.168.88.253,43544,192,,congestion_avoidance,
3368,131137.210869,337600,9,192.168.88.253,43544,148,,congestion_avoidance,
3369,131137.215177,337700,9,192.168.88.253,43544,217,,congestion_avoidance,
3370,131137.219615,337800,9,192.168.88.253,43544,175,,congestion_avoidance,
3371,131137.230772,338000,9,192.168.88.253,43544,134,,congestion_avoidance,
3372,131137.236556,338100,9,192.168.88.253,43544,204,,congestion_avoidance,
3373,131137.242158,338200,9,192.168.88.253,43544,213,,congestion_avoidance,
3374,131137.247821,338300,9,192.168.88.253,43544,140,,congestion_avoidance,
3375,131137.253138,338400,9,192.168.88.253,43544,174,,congestion_avoidance,
3376,131137.258613,338500,9,192.168.88.253,43544,167,,congestion_avoidance,
3377,131137.264057,338600,9,192.168.88.253,43544,167,,congestion_avoidance,
3378,131137.269392,338700,9,192.168.88.253,43544,167,,congestion_avoidance,
3379,131137.274672,338800,9,192.168.88.253,43544,220,,congestion_avoidance,
3380,131137.280123,338900,9,192.168.88.253,43544,176,,congestion_avoidance,
3381,131137.285633,339000,9,192.168.88.253,43544,182,,congestion_avoidance,
3382,131137.290950,339100,9,192.168.88.253,43544,179,,congestion_avoidance,
3383,131137.296149,339200,9,192.168.88.253,43544,169,,congestion_avoidance,
3384,131137.301386,339300,9,192.168.88.253,43544,172,,congestion_avoidance,
3385,131137.306260,339400,9,192.168.88.253,43544,179,,congestion_avoidance,
3386,131137.310725,339500,9,192.168.88.253,43544,187,,congestion_avoidance,
3387,131137.315286,339600,9,192.168.88.253,43544,211,,congestion_avoidance,
3388,131137.319765,339700,9,192.168.88.253,43544,210,,congestion_avoidance,
3389,131137.324273,339800,9,192.168.88.253,43544,171,,congestion_avoidance,
3390,131137.328658,339900,9,192.168.88.253,43544,195,,congestion_avoidance,
3391,131137.333104,340000,9,192.168.88.253,43544,205,,congestion_avoidance,
3392,131137.337624,340100,9,192.168.88.253,43544,175,,congestion_avoidance,
3393,131137.342049,340200,9,192.168.88.253,43544,185,,congestion_avoidance,
3394,131137.346436,340300,9,192.168.88.253,43544,208,,congestion_avoidance,
3395,131137.350557,340400,9,192.168.88.253,43544,211,,congestion_avoidance,
3396,131137.354733,340500,9,192.168.88.253,43544,218,,congestion_avoidance,
3397,131137.359055,340600,9,192.168.88.253,43544,190,,congestion_avoidance,
3398,131137.363538,340700,9,192.168.88.253,43544,188,,congestion_avoidance,
3399,131137.367608,340800,9,192.168.88.253,43544,197,,congestion_avoidance,
3400,131137.371707,340900,9,192.168.88.253,43544,211,,congestion_avoidance,
3401,131137.375813,341000,9,192.168.88.253,43544,182,,congestion_avoidance,
3402,131137.379893,341100,9,192.168.88.253,43544,193,,congestion_avoidance,
3403,131137.384307,341200,9,192.168.88.253,43544,176,,congestion_avoidance,
3404,131137.389193,341300,9,192.168.88.253,43544,158,,congestion_avoidance,
3405,131137.395219,341400,9,192.168.88.253,43544,167,,congestion_avoidance,
3406,131137.400967,341500,9,192.168.88.253,43544,229,,congestion_avoidance,
3407,131137.406406,341600,9,192.168.88.253,43544,177,,congestion_avoidance,
3408,131137.411922,341700,9,192.168.88.253,43544,226,,congestion_avoidance,
3409,131137.416928,341800,9,192.168.88.253,43544,211,,congestion_avoidance,
3410,131137.421615,341900,9,192.168.88.253,43544,152,,congestion_avoidance,
3411,131137.425916,342000,9,192.168.88.253,43544,209,,congestion_avoidance,
3412,131137.430298,342100,9,192.168.88.253,43544,189,,congestion_avoidance,
3413,131137.435145,342200,9,192.168.88.253,43544,206,,congestion_avoidance,
3414,131137.439636,342300,9,192.168.88.253,43544,200,,congestion_avoidance,
3415,131137.444181,342400,9,192.168.88.253,43544,198,,congestion_avoidance,
3416,131137.449224,342500,9,192.168.88.253,43544,114,,congestion_avoidance,
3417,131137.453603,342600,9,192.168.88.253,43544,187,,congestion_avoidance,
3418,131137.458083,342700,9,192.168.88.253,43544,168,,congestion_avoidance,
3419,131137.462127,342800,9,192.168.88.253,43544,188,,congestion_avoidance,
3420,131137.466355,342900,9,192.168.88.253,43544,215,,congestion_avoidance,
3421,131137.470535,343000,9,192.168.88.253,43544,207,,congestion_avoidance,
3422,131137.474850,343100,9,192.168.88.253,43544,198,,congestion_avoidance,
3423,131137.478920,343200,9,192.168.88.253,43544,199,,congestion_avoidance,
3424,131137.483034,343300,9,192.168.88.253,43544,187,,congestion_avoidance,
3425,131137.487104,343400,9,192.168.88.253,43544,190,,congestion_avoidance,
3426,131137.491562,343500,9,192.168.88.253,43544,190,,congestion_avoidance,
3427,131137.495661,343600,9,192.168.88.253,43544,197,,congestion_avoidance,
3428,131137.500522,343700,9,192.168.88.253,43544,227,,congestion_avoidance,
3429,131137.504972,343800,9,192.168.88.253,43544,198,,congestion_avoidance,
3430,131137.509382,343900,9,192.168.88.253,43544,187,,congestion_avoidance,
3431,131137.513793,344000,9,192.168.88.253,43544,206,,congestion_avoidance,
3432,131137.517862,344100,9,192.168.88.253,43544,221,,congestion_avoidance,
3433,131137.521996,344200,9,192.168.88.253,43544,215,,congestion_avoidance,
3434,131137.526108,344300,9,192.168.88.253,43544,195,,congestion_avoidance,
3435,131137.530493,344400,9,192.168.88.253,43544,190,,congestion_avoidance,
3436,131137.535019,344500,9,192.168.88.253,43544,181,,congestion_avoidance,
3437,131137.539459,344600,9,192.168.88.253,43544,170,,congestion_avoidance,
3438,131137.543878,344700,9,192.168.88.253,43544,178,,congestion_avoidance,
3439,131137.548466,344800,9,192.168.88.253,43544,227,,congestion_avoidance,
3440,131137.552916,344900,9,192.168.88.253,43544,195,,congestion_avoidance,
3441,131137.557324,345000,9,192.168.88.253,43544,206,,congestion_avoidance,
3442,131137.561793,345100,9,192.168.88.253,43544,165,,congestion_avoidance,
3443,131137.566270,345200,9,192.168.88.253,43544,188,,congestion_avoidance,
3444,131137.570340,345300,9,192.168.88.253,43544,231,,congestion_avoidance,
3445,131137.574446,345400,9,192.168.88.253,43544,198,,congestion_avoidance,
3446,131137.578583,345500,9,192.168.88.253,43544,199,,congestion_avoidance,
3447,131137.582664,345600,9,192.168.88.253,43544,222,,congestion_avoidance,
3448,131137.586778,345700,9,192.168.88.253,43544,219,,congestion_avoidance,
3449,131137.591165,345800,9,192.168.88.253,43544,205,,congestion_avoidance,
3450,131137.595679,345900,9,192.168.88.253,43544,147,,congestion_avoidance,
3451,131137.599754,346000,9,192.168.88.253,43544,206,,congestion_avoidance,
3452,131137.603828,346100,9,192.168.88.253,43544,217,,congestion_avoidance,
3453,131137.608303,346200,9,192.168.88.253,43544,168,,congestion_avoidance,
3454,131137.612778,346300,9,192.168.88.253,43544,208,,congestion_avoidance,
3455,131137.617190,346400,9,192.168.88.253,43544,213,,congestion_avoidance,
3456,131137.621627,346500,9,192.168.88.253,43544,193,,congestion_avoidance,
3457,131137.626071,346600,9,192.168.88.253,43544,183,,congestion_avoidance,
3458,131137.630450,346700,9,192.168.88.253,43544,153,,congestion_avoidance,
3459,131137.634997,346800,9,192.168.88.253,43544,188,,congestion_avoidance,
3460,131137.639435,346900,9,192.168.88.253,43544,172,,congestion_avoidance,
3461,131137.643824,347000,9,192.168.88.253,43544,198,,congestion_avoidance,
3462,131137.648256,347100,9,192.168.88.253,43544,178,,congestion_avoidance,
3463,131137.652706,347200,9,192.168.88.253,43544,175,,congestion_avoidance,
3464,131137.657021,347300,9,192.168.88.253,43544,186,,congestion_avoidance,
3465,131137.661218,347400,9,192.168.88.253,43544,202,,congestion_avoidance,
3466,131137.665644,347500,9,192.168.88.253,43544,171,,congestion_avoidance,
3467,131137.669706,347600,9,192.168.88.253,43544,208,,congestion_avoidance,
3468,131137.673846,347700,9,192.168.88.253,43544,227,,congestion_avoidance,
3469,131137.678018,347800,9,192.168.88.253,43544,208,,congestion_avoidance,
3470,131137.682119,347900,9,192.168.88.253,43544,218,,congestion_avoidance,
3471,131137.686544,348000,9,192.168.88.253,43544,192,,congestion_avoidance,
3472,131137.690641,348100,9,192.168.88.253,43544,192,,congestion_avoidance,
3473,131137.694685,348200,9,192.168.88.253,43544,212,,congestion_avoidance,
3474,131137.699263,348300,9,192.168.88.253,43544,191,,congestion_avoidance,
3475,131137.703502,348400,9,192.168.88.253,43544,210,,congestion_avoidance,
3476,131137.707621,348500,9,192.168.88.253,43544,208,,congestion_avoidance,
3477,131137.711741,348600,9,192.168.88.253,43544,210,,congestion_avoidance,
3478,131137.715866,348700,9,192.168.88.253,43544,215,,congestion_avoidance,
3479,131137.719988,348800,9,192.168.88.253,43544,181,,congestion_avoidance,
3480,131137.724577,348900,9,192.168.88.253,43544,206,,congestion_avoidance,
3481,131137.728701,349000,9,192.168.88.253,43544,146,,congestion_avoidance,
3482,131137.737242,349200,9,192.168.88.253,43544,189,,congestion_avoidance,
3483,131137.741758,349300,9,192.168.88.253,43544,147,,congestion_avoidance,
3484,131137.745945,349400,9,192.168.88.253,43544,198,,congestion_avoidance,
3485,131137.750495,349500,9,192.168.88.253,43544,169,,congestion_avoidance,
3486,131137.754966,349600,9,192.168.88.253,43544,200,,congestion_avoidance,
3487,131137.759427,349700,9,192.168.88.253,43544,210,,congestion_avoidance,
3488,131137.763862,349800,9,192.168.88.253,43544,186,,congestion_avoidance,
3489,131137.768330,349900,9,192.168.88.253,43544,202,,congestion_avoidance,
3490,131137.772751,350000,9,192.168.88.253,43544,211,,congestion_avoidance,
3491,131137.777306,350100,9,192.168.88.253,43544,203,,congestion_avoidance,
3492,131137.781823,350200,9,192.168.88.253,43544,171,,congestion_avoidance,
3493,131137.786084,350300,9,192.168.88.253,43544,205,,congestion_avoidance,
3494,131137.790202,350400,9,192.168.88.253,43544,210,,congestion_avoidance,
3495,131137.794329,350500,9,192.168.88.253,43544,215,,congestion_avoidance,
3496,131137.798442,350600,9,192.168.88.253,43544,194,,congestion_avoidance,
3497,131137.802652,350700,9,192.168.88.253,43544,143,,congestion_avoidance,
3498,131137.806748,350800,9,192.168.88.253,43544,170,,congestion_avoidance,
3499,131137.810831,350900,9,192.168.88.253,43544,206,,congestion_avoidance,
3500,131137.815250,351000,9,192.168.88.253,43544,168,,congestion_avoidance,
3501,131137.819708,351100,9,192.168.88.253,43544,170,,congestion_avoidance,
3502,131137.824177,351200,9,192.168.88.253,43544,204,,congestion_avoidance,
3503,131137.828638,351300,9,192.168.88.253,43544,206,,congestion_avoidance,
3504,131137.832713,351400,9,192.168.88.253,43544,189,,congestion_avoidance,
3505,131137.837201,351500,9,192.168.88.253,43544,197,,congestion_avoidance,
3506,131137.841049,351600,9,192.168.88.253,43544,170,,congestion_avoidance,
3507,131137.845504,351700,9,192.168.88.253,43544,196,,congestion_avoidance,
3508,131137.850036,351800,9,192.168.88.253,43544,170,,congestion_avoidance,
3509,131137.854466,351900,9,192.168.88.253,43544,190,,congestion_avoidance,
3510,131137.858612,352000,9,192.168.88.253,43544,167,,congestion_avoidance,
3511,131137.862992,352100,9,192.168.88.253,43544,188,,congestion_avoidance,
3512,131137.867458,352200,9,192.168.88.253,43544,199,,congestion_avoidance,
3513,131137.871562,352300,9,192.168.88.253,43544,224,,congestion_avoidance,
3514,131137.875665,352400,9,192.168.88.253,43544,162,,congestion_avoidance,
3515,131137.879937,352500,9,192.168.88.253,43544,216,,congestion_avoidance,
3516,131137.884055,352600,9,192.168.88.253,43544,215,,congestion_avoidance,
3517,131137.888237,352700,9,192.168.88.253,43544,211,,congestion_avoidance,
3518,131137.892448,352800,9,192.168.88.253,43544,190,,congestion_avoidance,
3519,131137.896883,352900,9,192.168.88.253,43544,188,,congestion_avoidance,
3520,131137.901064,353000,9,192.168.88.253,43544,171,,congestion_avoidance,
3521,131137.905603,353100,9,192.168.88.253,43544,228,,congestion_avoidance,
3522,131137.909999,353200,9,192.168.88.253,43544,215,,congestion_avoidance,
3523,131137.914180,353300,9,192.168.88.253,43544,202,,congestion_avoidance,
3524,131137.918379,353400,9,192.168.88.253,43544,153,,congestion_avoidance,
3525,131137.922479,353500,9,192.168.88.253,43544,206,,congestion_avoidance,
3526,131137.926993,353600,9,192.168.88.253,43544,167,,congestion_avoidance,
3527,131137.931437,353700,9,192.168.88.253,43544,172,,congestion_avoidance,
3528,131137.935607,353800,9,192.168.88.253,43544,219,,congestion_avoidance,
3529,131137.939736,353900,9,192.168.88.253,43544,211,,congestion_avoidance,
3530,131137.944133,354000,9,192.168.88.253,43544,211,,congestion_avoidance,
3531,131137.948580,354100,9,192.168.88.253,43544,191,,congestion_avoidance,
3532,131137.953041,354200,9,192.168.88.253,43544,151,,congestion_avoidance,
3533,131137.957203,354300,9,192.168.88.253,43544,199,,congestion_avoidance,
3534,131137.961240,354400,9,192.168.88.253,43544,216,,congestion_avoidance,
3535,131137.965650,354500,9,192.168.88.253,43544,162,,congestion_avoidance,
3536,131137.970058,354600,9,192.168.88.253,43544,161,,congestion_avoidance,
3537,131137.974164,354700,9,192.168.88.253,43544,201,,congestion_avoidance,
3538,131137.978302,354800,9,192.168.88.253,43544,168,,congestion_avoidance,
3539,131137.982446,354900,9,192.168.88.253,43544,211,,congestion_avoidance,
3540,131137.986561,355000,9,192.168.88.253,43544,188,,congestion_avoidance,
3541,131137.990652,355100,9,192.168.88.253,43544,212,,congestion_avoidance,
3542,131137.994867,355200,9,192.168.88.253,43544,201,,congestion_avoidance,
3543,131137.999071,355300,9,192.168.88.253,43544,202,,congestion_avoidance,
3544,131138.003502,355400,9,192.168.88.253,43544,154,,congestion_avoidance,
3545,131138.007617,355500,9,192.168.88.253,43544,195,,congestion_avoidance,
3546,131138.011765,355600,9,192.168.88.253,43544,174,,congestion_avoidance,
3547,131138.016234,355700,9,192.168.88.253,43544,190,,congestion_avoidance,
3548,131138.020381,355800,9,192.168.88.253,43544,198,,congestion_avoidance,
3549,131138.024647,355900,9,192.168.88.253,43544,201,,congestion_avoidance,
3550,131138.028970,356000,9,192.168.88.253,43544,196,,congestion_avoidance,
3551,131138.033122,356100,9,192.168.88.253,43544,186,,congestion_avoidance,
3552,131138.037624,356200,9,192.168.88.253,43544,183,,congestion_avoidance,
3553,131138.042170,356300,9,192.168.88.253,43544,200,,congestion_avoidance,
3554,131138.046218,356400,9,192.168.88.253,43544,171,,congestion_avoidance,
3555,131138.050359,356500,9,192.168.88.253,43544,188,,congestion_avoidance,
3556,131138.054761,356600,9,192.168.88.253,43544,238,,congestion_avoidance,
3557,131138.058852,356700,9,192.168.88.253,43544,166,,congestion_avoidance,
3558,131138.062916,356800,9,192.168.88.253,43544,209,,congestion_avoidance,
3559,131138.067038,356900,9,192.168.88.253,43544,205,,congestion_avoidance,
3560,131138.071116,357000,9,192.168.88.253,43544,216,,congestion_avoidance,
3561,131138.075544,357100,9,192.168.88.253,43544,192,,congestion_avoidance,
3562,131138.079698,357200,9,192.168.88.253,43544,198,,congestion_avoidance,
3563,131138.083825,357300,9,192.168.88.253,43544,187,,congestion_avoidance,
3564,131138.087952,357400,9,192.168.88.253,43544,170,,congestion_avoidance,
3565,131138.092051,357500,9,192.168.88.253,43544,235,,congestion_avoidance,
3566,131138.096375,357600,9,192.168.88.253,43544,195,,congestion_avoidance,
3567,131138.100645,357700,9,192.168.88.253,43544,204,,congestion_avoidance,
3568,131138.104679,357800,9,192.168.88.253,43544,211,,congestion_avoidance,
3569,131138.109262,357900,9,192.168.88.253,43544,195,,congestion_avoidance,
3570,131138.113504,358000,9,192.168.88.253,43544,156,,congestion_avoidance,
3571,131138.118029,358100,9,192.168.88.253,43544,210,,congestion_avoidance,
3572,131138.122106,358200,9,192.168.88.253,43544,169,,congestion_avoidance,
3573,131138.126153,358300,9,192.168.88.253,43544,228,,congestion_avoidance,
3574,131138.130531,358400,9,192.168.88.253,43544,208,,congestion_avoidance,
3575,131138.134714,358500,9,192.168.88.253,43544,224,,congestion_avoidance,
3576,131138.138826,358600,9,192.168.88.253,43544,222,,congestion_avoidance,
3577,131138.142956,358700,9,192.168.88.253,43544,210,,congestion_avoidance,
3578,131138.147125,358800,9,192.168.88.253,43544,171,,congestion_avoidance,
3579,131138.151237,358900,9,192.168.88.253,43544,227,,congestion_avoidance,
3580,131138.155330,359000,9,192.168.88.253,43544,204,,congestion_avoidance,
3581,131138.159842,359100,9,192.168.88.253,43544,169,,congestion_avoidance,
3582,131138.163986,359200,9,192.168.88.253,43544,188,,congestion_avoidance,
3583,131138.168055,359300,9,192.168.88.253,43544,208,,congestion_avoidance,
3584,131138.172211,359400,9,192.168.88.253,43544,192,,congestion_avoidance,
3585,131138.176287,359500,9,192.168.88.253,43544,203,,congestion_avoidance,
3586,131138.180353,359600,9,192.168.88.253,43544,207,,congestion_avoidance,
3587,131138.184481,359700,9,192.168.88.253,43544,212,,congestion_avoidance,
3588,131138.188623,359800,9,192.168.88.253,43544,211,,congestion_avoidance,
3589,131138.192747,359900,9,192.168.88.253,43544,219,,congestion_avoidance,
3590,131138.197039,360000,9,192.168.88.253,43544,198,,congestion_avoidance,
3591,131138.201498,360100,9,192.168.88.253,43544,205,,congestion_avoidance,
3592,131138.205740,360200,9,192.168.88.253,43544,186,,congestion_avoidance,
3593,131138.209887,360300,9,192.168.88.253,43544,197,,congestion_avoidance,
3594,131138.214024,360400,9,192.168.88.253,43544,212,,congestion_avoidance,
3595,131138.218135,360500,9,192.168.88.253,43544,202,,congestion_avoidance,
3596,131138.222263,360600,9,192.168.88.253,43544,191,,congestion_avoidance,
3597,131138.226409,360700,9,192.168.88.253,43544,171,,congestion_avoidance,
3598,131138.230561,360800,9,192.168.88.253,43544,217,,congestion_avoidance,
3599,131138.234935,360900,9,192.168.88.253,43544,193,,congestion_avoidance,
3600,131138.243148,361100,9,192.168.88.253,43544,169,,congestion_avoidance,
3601,131138.247393,361200,9,192.168.88.253,43544,240,,congestion_avoidance,
3602,131138.251725,361300,9,192.168.88.253,43544,198,,congestion_avoidance,
3603,131138.255872,361400,9,192.168.88.253,43544,203,,congestion_avoidance,
3604,131138.260102,361500,9,192.168.88.253,43544,188,,congestion_avoidance,
3605,131138.264148,361600,9,192.168.88.253,43544,165,,congestion_avoidance,
3606,131138.268291,361700,9,192.168.88.253,43544,181,,congestion_avoidance,
3607,131138.272418,361800,9,192.168.88.253,43544,218,,congestion_avoidance,
3608,131138.276551,361900,9,192.168.88.253,43544,207,,congestion_avoidance,
3609,131138.281109,362000,9,192.168.88.253,43544,135,,congestion_avoidance,
3610,131138.285193,362100,9,192.168.88.253,43544,186,,congestion_avoidance,
3611,131138.289352,362200,9,192.168.88.253,43544,199,,congestion_avoidance,
3612,131138.293460,362300,9,192.168.88.253,43544,160,,congestion_avoidance,
3613,131138.298236,362400,9,192.168.88.253,43544,162,,congestion_avoidance,
3614,131138.303468,362500,9,192.168.88.253,43544,222,,congestion_avoidance,
3615,131138.308771,362600,9,192.168.88.253,43544,169,,congestion_avoidance,
3616,131138.313956,362700,9,192.168.88.253,43544,187,,congestion_avoidance,
3617,131138.319112,362800,9,192.168.88.253,43544,202,,congestion_avoidance,
3618,131138.324484,362900,9,192.168.88.253,43544,231,,congestion_avoidance,
3619,131138.329756,363000,9,192.168.88.253,43544,233,,congestion_avoidance,
3620,131138.335073,363100,9,192.168.88.253,43544,186,,congestion_avoidance,
3621,131138.340574,363200,9,192.168.88.253,43544,162,,congestion_avoidance,
3622,131138.345736,363300,9,192.168.88.253,43544,238,,congestion_avoidance,
3623,131138.351112,363400,9,192.168.88.253,43544,183,,congestion_avoidance,
3624,131138.356466,363500,9,192.168.88.253,43544,182,,congestion_avoidance,
3625,131138.361912,363600,9,192.168.88.253,43544,219,,congestion_avoidance,
3626,131138.367162,363700,9,192.168.88.253,43544,229,,congestion_avoidance,
3627,131138.372549,363800,9,192.168.88.253,43544,170,,congestion_avoidance,
3628,131138.377740,363900,9,192.168.88.253,43544,133,,congestion_avoidance,
3629,131138.383159,364000,9,192.168.88.253,43544,143,,congestion_avoidance,
3630,131138.388530,364100,9,192.168.88.253,43544,170,,congestion_avoidance,
3631,131138.394073,364200,9,192.168.88.253,43544,124,,congestion_avoidance,
3632,131138.399360,364300,9,192.168.88.253,43544,160,,congestion_avoidance,
3633,131138.404675,364400,9,192.168.88.253,43544,173,,congestion_avoidance,
3634,131138.410001,364500,9,192.168.88.253,43544,219,,congestion_avoidance,
3635,131138.415261,364600,9,192.168.88.253,43544,252,,congestion_avoidance,
3636,131138.420765,364700,9,192.168.88.253,43544,167,,congestion_avoidance,
3637,131138.426182,364800,9,192.168.88.253,43544,187,,congestion_avoidance,
3638,131138.431425,364900,9,192.168.88.253,43544,166,,congestion_avoidance,
3639,131138.436650,365000,9,192.168.88.253,43544,172,,congestion_avoidance,
3640,131138.441847,365100,9,192.168.88.253,43544,224,,congestion_avoidance,
3641,131138.447182,365200,9,192.168.88.253,43544,198,,congestion_avoidance,
3642,131138.452536,365300,9,192.168.88.253,43544,217,,congestion_avoidance,
3643,131138.457967,365400,9,192.168.88.253,43544,167,,congestion_avoidance,
3644,131138.463438,365500,9,192.168.88.253,43544,187,,congestion_avoidance,
3645,131138.468839,365600,9,192.168.88.253,43544,183,,congestion_avoidance,
3646,131138.474196,365700,9,192.168.88.253,43544,171,,congestion_avoidance,
3647,131138.479518,365800,9,192.168.88.253,43544,210,,congestion_avoidance,
3648,131138.484532,365900,9,192.168.88.253,43544,211,,congestion_avoidance,
3649,131138.489722,366000,9,192.168.88.253,43544,243,,congestion_avoidance,
3650,131138.495050,366100,9,192.168.88.253,43544,251,,congestion_avoidance,
3651,131138.500604,366200,9,192.168.88.253,43544,166,,congestion_avoidance,
3652,131138.505179,366300,9,192.168.88.253,43544,212,,congestion_avoidance,
3653,131138.509743,366400,9,192.168.88.253,43544,205,,congestion_avoidance,
3654,131138.513777,366500,9,192.168.88.253,43544,183,,congestion_avoidance,
3655,131138.518383,366600,9,192.168.88.253,43544,179,,congestion_avoidance,
3656,131138.522834,366700,9,192.168.88.253,43544,223,,congestion_avoidance,
3657,131138.527291,366800,9,192.168.88.253,43544,228,,congestion_avoidance,
3658,131138.531801,366900,9,192.168.88.253,43544,169,,congestion_avoidance,
3659,131138.536258,367000,9,192.168.88.253,43544,168,,congestion_avoidance,
3660,131138.540498,367100,9,192.168.88.253,43544,207,,congestion_avoidance,
3661,131138.544738,367200,9,192.168.88.253,43544,166,,congestion_avoidance,
3662,131138.548890,367300,9,192.168.88.253,43544,261,,congestion_avoidance,
3663,131138.552963,367400,9,192.168.88.253,43544,178,,congestion_avoidance,
3664,131138.557006,367500,9,192.168.88.253,43544,217,,congestion_avoidance,
3665,131138.562067,367600,9,192.168.88.253,43544,210,,congestion_avoidance,
3666,131138.567510,367700,9,192.168.88.253,43544,138,,congestion_avoidance,
3667,131138.572767,367800,9,192.168.88.253,43544,170,,congestion_avoidance,
3668,131138.577998,367900,9,192.168.88.253,43544,169,,congestion_avoidance,
3669,131138.583475,368000,9,192.168.88.253,43544,171,,congestion_avoidance,
3670,131138.588588,368100,9,192.168.88.253,43544,266,,congestion_avoidance,
3671,131138.593661,368200,9,192.168.88.253,43544,159,,congestion_avoidance,
3672,131138.598902,368300,9,192.168.88.253,43544,187,,congestion_avoidance,
3673,131138.604254,368400,9,192.168.88.253,43544,188,,congestion_avoidance,
3674,131138.609379,368500,9,192.168.88.253,43544,213,,congestion_avoidance,
3675,131138.614334,368600,9,192.168.88.253,43544,189,,congestion_avoidance,
3676,131138.619652,368700,9,192.168.88.253,43544,202,,congestion_avoidance,
3677,131138.625286,368800,9,192.168.88.253,43544,179,,congestion_avoidance,
3678,131138.630740,368900,9,192.168.88.253,43544,175,,congestion_avoidance,
3679,131138.636332,369000,9,192.168.88.253,43544,155,,congestion_avoidance,
3680,131138.641377,369100,9,192.168.88.253,43544,150,,congestion_avoidance,
3681,131138.647258,369200,9,192.168.88.253,43544,181,,congestion_avoidance,
3682,131138.652823,369300,9,192.168.88.253,43544,153,,congestion_avoidance,
3683,131138.658015,369400,9,192.168.88.253,43544,220,,congestion_avoidance,
3684,131138.663522,369500,9,192.168.88.253,43544,172,,congestion_avoidance,
3685,131138.668861,369600,9,192.168.88.253,43544,145,,congestion_avoidance,
3686,131138.673994,369700,9,192.168.88.253,43544,184,,congestion_avoidance,
3687,131138.679406,369800,9,192.168.88.253,43544,195,,congestion_avoidance,
3688,131138.684922,369900,9,192.168.88.253,43544,154,,congestion_avoidance,
3689,131138.690510,370000,9,192.168.88.253,43544,244,,congestion_avoidance,
3690,131138.696088,370100,9,192.168.88.253,43544,217,,congestion_avoidance,
3691,131138.701539,370200,9,192.168.88.253,43544,147,,congestion_avoidance,
3692,131138.707090,370300,9,192.168.88.253,43544,148,,congestion_avoidance,
3693,131138.712787,370400,9,192.168.88.253,43544,198,,congestion_avoidance,
3694,131138.718212,370500,9,192.168.88.253,43544,190,,congestion_avoidance,
3695,131138.723775,370600,9,192.168.88.253,43544,218,,congestion_avoidance,
3696,131138.729469,370700,9,192.168.88.253,43544,186,,congestion_avoidance,
3697,131138.735042,370800,9,192.168.88.253,43544,140,,congestion_avoidance,
3698,131138.740309,370900,9,192.168.88.253,43544,214,,congestion_avoidance,
3699,131138.751250,371100,9,192.168.88.253,43544,239,,congestion_avoidance,
3700,131138.756741,371200,9,192.168.88.253,43544,217,,congestion_avoidance,
3701,131138.761989,371300,9,192.168.88.253,43544,180,,congestion_avoidance,
3702,131138.767414,371400,9,192.168.88.253,43544,176,,congestion_avoidance,
3703,131138.778123,371500,9,192.168.88.253,43544,152,,congestion_avoidance,
3704,131138.783549,371600,9,192.168.88.253,43544,267,,congestion_avoidance,
3705,131138.788870,371700,9,192.168.88.253,43544,156,,congestion_avoidance,
3706,131138.794223,371800,9,192.168.88.253,43544,206,,congestion_avoidance,
3707,131138.799464,371900,9,192.168.88.253,43544,168,,congestion_avoidance,
3708,131138.804899,372000,9,192.168.88.253,43544,175,,congestion_avoidance,
3709,131138.810407,372100,9,192.168.88.253,43544,168,,congestion_avoidance,
3710,131138.815442,372200,9,192.168.88.253,43544,193,,congestion_avoidance,
3711,131138.820779,372300,9,192.168.88.253,43544,163,,congestion_avoidance,
3712,131138.825922,372400,9,192.168.88.253,43544,168,,congestion_avoidance,
3713,131138.831427,372500,9,192.168.88.253,43544,238,,congestion_avoidance,
3714,131138.836509,372600,9,192.168.88.253,43544,177,,congestion_avoidance,
3715,131138.841689,372700,9,192.168.88.253,43544,155,,congestion_avoidance,
3716,131138.847006,372800,9,192.168.88.253,43544,157,,congestion_avoidance,
3717,131138.852317,372900,9,192.168.88.253,43544,181,,congestion_avoidance,
3718,131138.857652,373000,9,192.168.88.253,43544,179,,congestion_avoidance,
3719,131138.863088,373100,9,192.168.88.253,43544,210,,congestion_avoidance,
3720,131138.868496,373200,9,192.168.88.253,43544,191,,congestion_avoidance,
3721,131138.873807,373300,9,192.168.88.253,43544,200,,congestion_avoidance,
3722,131138.879052,373400,9,192.168.88.253,43544,181,,congestion_avoidance,
3723,131138.884435,373500,9,192.168.88.253,43544,197,,congestion_avoidance,
3724,131138.889622,373600,9,192.168.88.253,43544,185,,congestion_avoidance,
3725,131138.894960,373700,9,192.168.88.253,43544,206,,congestion_avoidance,
3726,131138.900231,373800,9,192.168.88.253,43544,199,,congestion_avoidance,
3727,131138.905439,373900,9,192.168.88.253,43544,168,,congestion_avoidance,
3728,131138.910819,374000,9,192.168.88.253,43544,152,,congestion_avoidance,
3729,131138.916065,374100,9,192.168.88.253,43544,203,,congestion_avoidance,
3730,131138.921659,374200,9,192.168.88.253,43544,213,,congestion_avoidance,
3731,131138.927021,374300,9,192.168.88.253,43544,166,,congestion_avoidance,
3732,131138.932148,374400,9,192.168.88.253,43544,205,,congestion_avoidance,
3733,131138.937440,374500,9,192.168.88.253,43544,256,,congestion_avoidance,
3734,131138.942227,374600,9,192.168.88.253,43544,210,,congestion_avoidance,
3735,131138.946367,374700,9,192.168.88.253,43544,223,,congestion_avoidance,
3736,131138.950478,374800,9,192.168.88.253,43544,222,,congestion_avoidance,
3737,131138.954926,374900,9,192.168.88.253,43544,186,,congestion_avoidance,
3738,131138.959290,375000,9,192.168.88.253,43544,171,,congestion_avoidance,
3739,131138.963392,375100,9,192.168.88.253,43544,220,,congestion_avoidance,
3740,131138.967868,375200,9,192.168.88.253,43544,172,,congestion_avoidance,
3741,131138.971982,375300,9,192.168.88.253,43544,166,,congestion_avoidance,
3742,131138.976362,375400,9,192.168.88.253,43544,190,,congestion_avoidance,
3743,131138.980863,375500,9,192.168.88.253,43544,208,,congestion_avoidance,
3744,131138.985375,375600,9,192.168.88.253,43544,161,,congestion_avoidance,
3745,131138.989811,375700,9,192.168.88.253,43544,170,,congestion_avoidance,
3746,131138.994269,375800,9,192.168.88.253,43544,172,,congestion_avoidance,
3747,131138.998658,375900,9,192.168.88.253,43544,200,,congestion_avoidance,
3748,131139.003127,376000,9,192.168.88.253,43544,182,,congestion_avoidance,
3749,131139.007207,376100,9,192.168.88.253,43544,198,,congestion_avoidance,
3750,131139.011928,376200,9,192.168.88.253,43544,198,,congestion_avoidance,
3751,131139.016145,376300,9,192.168.88.253,43544,189,,congestion_avoidance,
3752,131139.020212,376400,9,192.168.88.253,43544,184,,congestion_avoidance,
3753,131139.024297,376500,9,192.168.88.253,43544,194,,congestion_avoidance,
3754,131139.028429,376600,9,192.168.88.253,43544,187,,congestion_avoidance,
3755,131139.032482,376700,9,192.168.88.253,43544,172,,congestion_avoidance,
3756,131139.036610,376800,9,192.168.88.253,43544,195,,congestion_avoidance,
3757,131139.040925,376900,9,192.168.88.253,43544,198,,congestion_avoidance,
3758,131139.045045,377000,9,192.168.88.253,43544,207,,congestion_avoidance,
3759,131139.049175,377100,9,192.168.88.253,43544,202,,congestion_avoidance,
3760,131139.053350,377200,9,192.168.88.253,43544,134,,congestion_avoidance,
3761,131139.057447,377300,9,192.168.88.253,43544,194,,congestion_avoidance,
3762,131139.061583,377400,9,192.168.88.253,43544,213,,congestion_avoidance,
3763,131139.065999,377500,9,192.168.88.253,43544,169,,congestion_avoidance,
3764,131139.070476,377600,9,192.168.88.253,43544,189,,congestion_avoidance,
3765,131139.074600,377700,9,192.168.88.253,43544,168,,congestion_avoidance,
3766,131139.079010,377800,9,192.168.88.253,43544,165,,congestion_avoidance,
3767,131139.083075,377900,9,192.168.88.253,43544,197,,congestion_avoidance,
3768,131139.087236,378000,9,192.168.88.253,43544,214,,congestion_avoidance,
3769,131139.091671,378100,9,192.168.88.253,43544,175,,congestion_avoidance,
3770,131139.095822,378200,9,192.168.88.253,43544,213,,congestion_avoidance,
3771,131139.100105,378300,9,192.168.88.253,43544,208,,congestion_avoidance,
3772,131139.104291,378400,9,192.168.88.253,43544,194,,congestion_avoidance,
3773,131139.108736,378500,9,192.168.88.253,43544,226,,congestion_avoidance,
3774,131139.113163,378600,9,192.168.88.253,43544,208,,congestion_avoidance,
3775,131139.117620,378700,9,192.168.88.253,43544,192,,congestion_avoidance,
3776,131139.121914,378800,9,192.168.88.253,43544,214,,congestion_avoidance,
3777,131139.126028,378900,9,192.168.88.253,43544,210,,congestion_avoidance,
3778,131139.130153,379000,9,192.168.88.253,43544,219,,congestion_avoidance,
3779,131139.134268,379100,9,192.168.88.253,43544,152,,congestion_avoidance,
3780,131139.138388,379200,9,192.168.88.253,43544,206,,congestion_avoidance,
